# ARGs	A2	A5	A7	A9	A10	A11	A16	A17	A18	A19	A22	A23	B6	B8	B12	B28	B29	B30	B32	B34	B35a	B35b	B37	B39	B42	B44	B47	B49	B51	C53	C54	C57	C60	C62
patA__Streptococcus_pneumoniae_TIGR4_	55.55099313	0	2.577387503	4.065846197	1.410229118	0	0	0	3.03731753	0.936811809	0	0	67.57274383	0	45.39413644	15.01984721	7.002181239	0	9.438956674	93.04787469	45.92144422	0.419873137	0.780649651	2.283655504	12.28231218	92.30384793	0	5.854982625	0.341613959	0	84.02072791	0.237630089	11.72996224	53.30315193
mefA__Exiguobacterium_sp__S3-2_	129.0309946	0	74.37185531	0	74.2720669	70.3826451	4.431054153	0	1.342892796	0	0	531.9850704	103.8165454	0	54.14745589	25.28917156	1.305883659	0	24.58061634	32.01420714	34.32886892	7.371106184	10.27855374	28.0682668	22.15302882	100.9776294	210.5589413	49.73587391	0	1.712532113	87.52159158	0	3.134019944	74.36160562
rpsJ__Neisseria_gonorrhoeae_FA_1090_	62.98462111	0	0	0	7.553091549	42.94534278	0	0	0	0	0	0	126.6913774	0	0	30.86136191	9.561724417	0	2.999668435	198.596607	11.08928567	6.746436168	4.181106606	11.77440005	0	38.30026437	0	18.96707056	0	0	0	1.272730645	0	27.22390985
tetB(60)__uncultured_bacterium_	5.418218514	0	1.426798183	0	0	0	0	0	0.086949893	0	0	0	3.360967296	0	0.159361381	1.637428374	2.117915328	0	0	5.138450903	0.437930291	0.876904155	0	1.022270508	0.204909825	2.597364462	0	2.113327376	0	0	0	0	0.608766464	1.444434066
ErmB__Enterococcus_faecium_	0.975864665	0	1.458271673	0	0	18.63070017	0.58646305	0	0	0	0	0	0	0.397529597	9.946337485	21.86769541	0	0	0	0.706195746	24.26777827	4.390144124	0	0	0	94.25113865	55.73619036	4.223892233	0	0	0	0	0	14.30367355
Escherichia_coli_EF-Tu_mutants_conferring_resistance_to_Pulvomycin__Escherichia_coli_CFT073_	20.41809146	75.60053626	30.51153038	108.0123916	0	0	245.41223	10.07283617	0	140.5217714	149.7609067	0	0	116.4455928	368.0512386	420.1893121	65.09327776	13.23961276	1061.882626	0	33.55219767	214.3290875	0	48.57969253	122.6936981	0	0	17.21626405	24.91154099	512.1788349	0	46.20991264	208.2917871	164.7395571
tetA(60)__uncultured_bacterium_	10.74075904	0	5.195649519	0	8.550934481	0	0	0	0	0	0	0	0	0	0.414041719	0	3.133486531	0	0.348386688	3.000227595	2.020831245	0.701771184	0	6.617906161	2.269961754	1.111612888	0	4.445882595	0.106250011	0	0	0	0.527218308	1.250942898
Haemophilus_parainfluenzae_gyrA_conferring_resistance_to_fluoroquinolones__Haemophilus_parainfluenzae_	10.83202335	0	1.437137301	0	23.45433692	133.3565907	0	0	0	0	0	335.9905708	0	0	0	0	0	0	0	0	50.23872161	1.922897265	0	0	59.96308553	25.85486954	0	6.188531222	0	0	0	0	0	14.08956738
tetB(46)__Streptococcus_australis_	20.73712414	0	40.28475496	0	10.44450941	0	0	0	0	0	0	0	14.59920169	0	7.345486244	14.225159	11.75295293	0	0	4.501997879	28.3970423	3.437303402	0	18.25533758	34.23798977	2.03623843	0	13.32210908	0	0	0	0	14.10308975	10.45710079
ErmF__Bacteroides_fragilis_	2.552261432	0	0	0	0	0	0	0	0	0	0	0	0	0	0	0	0	0	0	0	2.796016473	0	0	0	0	8.837489528	0	30.96150712	0	0	0	0	0	0
CfxA6__uncultured_organism_	4.423919816	0	21.03446413	0	0	140.7652902	0	0	0	0	0	0	0	0	0	0	0	0	0	0	12.11607138	0	0	0	3.302314855	0	0	16.95541156	0	0	0	0	0	0
tetA(46)__Streptococcus_australis_	21.45733563	0	62.54863729	0	18.67920245	0	0	0	0	0	0	0	11.18980729	0	0	0	11.82332989	0	0	0	24.23214276	1.588980974	2.954314847	16.84096008	32.55138929	1.176628794	0	1.865095272	0	0	0	0	13.88611914	29.74464225
Planobispora_rosea_EF-Tu_mutants_conferring_resistance_to_inhibitor_GE2270A__Planobispora_rosea_	0	0	0	0	0	0	0	0	0	0	0	0	0	0	0	0	0	0	0	0	16.15476184	5.528329638	0	1.754266675	25.31774722	10.91650047	0	9.325476358	0	0	0	0	0	0
Haemophilus_parainfluenzae_parC_conferring_resistance_to_fluoroquinolones__Haemophilus_parainfluenzae_	20.41809146	0	0	0	0	0	0	0	0	0	0	0	0	0	0	0	0	0	0	0	190.1291202	0	0	0	122.6936981	0	0	0	0	0	0	0	0	0
Streptococcus_mitis_CdsA_with_mutation_conferring_daptomycin_resistance__Streptococcus_oralis_	169.8785209	0	0	0	6.701239119	0	0	0	0.726979559	0	0	0	0	0	106.3259134	0	0	0	0	291.9695691	33.55219767	0	0	0	0	151.151545	0	0.841396363	0	0.927085054	0	0	0	16.10236272
msbA__Escherichia_coli_str__K-12_substr__MG1655_	0	120.960858	7.627882596	121.5139406	34.27941549	194.9057864	374.2536508	5.036418087	0	102.6889868	380.1623017	0	0	170.509618	265.8147834	0	0	6.619806381	40.84163946	0	5.592032946	122.4737643	18.97579152	111.7332928	87.63835577	0	0	0	0	0	0	5.77623908	225.649436	0
oqxB__Escherichia_coli_	20.41809146	241.921716	106.7903563	486.0557623	68.55883098	0	957.1076971	10.07283617	0	172.9498725	506.8830689	0	0	41.5877117	354.4197113	0	0	79.43767658	136.1387982	0	11.18406589	785.8733208	0	408.0694173	297.9704096	0	0	0	0	0	0	23.10495632	1197.677776	41.18488926
tetO__Campylobacter_jejuni_	53.08703779	0	0	0	0	0	0	0	0	0	0	0	0	0	0	0	2.350590586	0	0	0	10.90446424	3.316997783	0	0	17.08947937	0	0	0	2.698750274	0	0	0	5.6412359	0
Escherichia_coli_gyrB_conferring_resistance_to_aminocoumarin__Escherichia_coli_str__K-12_substr__W3110_	0	157.2491154	79.329979	333.4882591	0	0	701.8789779	379.7459238	19.33765627	252.9391885	868.6132589	0	0	540.6402521	691.118437	0	0	0	141.5843501	0	0	1127.779246	49.33705795	252.6144012	546.86334	0	0	0	0	0	630.1554594	45.05466482	1511.851221	0
patB__Streptococcus_pneumoniae_TIGR4_	28.15221701	0	0	0	0	0	0	0	0	0	0	0	0	0	8.96004888	0	2.84920071	0	5.363043565	0	34.30617964	0	0	2.128773044	6.904840151	45.26054691	0	1.695541156	0	0	0	0	3.418930848	40.56087579
CRP__Escherichia_coli_str__K-12_substr__W3110_	0	166.3211798	45.76729558	364.5418217	0	0	969.3783086	221.6023958	0	313.4716439	541.4432781	0	0	415.877117	749.7340046	0	0	52.95845105	1061.882626	0	11.18406589	1020.614702	0	330.3419092	508.3024635	0	0	0	0	0	0	23.10495632	1336.538967	0
tetQ__Bacteroides_fragilis_	0	0	0	0	0	0	0	0	0	0	0	0	0	0	0	0	0	0	0	14.77578791	11.18406589	0	0	0	0	0	0	0	0	0	0	0	0	0
bacA__Escherichia_coli_str__K-12_substr__MG1655_	0	151.2010725	0	162.0185874	0	0	466.2832371	10.07283617	0	226.9967076	472.3228596	0	0	390.92449	627.0502584	0	0	0	27.22775964	0	11.18406589	408.2458809	0	126.3072006	192.8043827	0	0	0	0	0	0	23.10495632	503.3718188	0
Escherichia_coli_PtsI_with_mutation_conferring_resistance_to_fosfomycin__Escherichia_coli_str__K-12_substr__MC4100_	0	158.7611261	15.25576519	310.5356259	0	0	361.9830393	10.07283617	3.718780051	135.1170879	311.0418832	0	0	257.8438126	388.4985297	0	3.616293209	13.23961276	0	0	0	0	113.8547491	106.8753236	0	0	0	0	0	0	0	11.55247816	0	0
tet(B)__Gram-negative_bacterium_TC71_	11.45763406	0	0	0	0	0	0	0	0	0	0	0	0	0	0	0	0	0	0	0	46.4449403	0.954531736	0	0	0	0	0	0	0	0	0	0	0	0
emrR__Escherichia_coli_str__K-12_substr__MG1655_	0	39.88202203	0	73.60521848	0	0	87.47758522	4.224092589	0	0	151.9313546	0	0	31.39201464	5.716446956	0	0	9.977679183	0	0	0	72.75995136	14.30059651	23.79700881	36.75156855	0	0	0	0	0	0	0	101.9061969	0
lsaC__Streptococcus_agalactiae_	0	0	0	0	0	0	4.197840777	0	0	0	0	0	0	0	0	79.16610228	0	0	0	0	0	0	0	0	0	0	0	6.487287901	0	0	0	0	0	0
tetR__Salmonella_enterica_subsp__enterica_serovar_Typhi_str__CT18_	17.2965286	0	0	0	0	0	0	0	0	0	0	0	0	0	0	0	0	0	0	0	59.2138827	0	0	0	0	0	0	0	0	0	0	0	0	0
mel__Bacteria_	99.53819586	0	61.97654609	0	0	0	0	0	0	0	0	0	233.5872271	0	66.45369586	0	0	0	0	0	27.26116061	0	30.83566122	7.894200037	0	73.6863782	0	27.97642908	6.746875684	0	0	0	14.10308975	66.92544505
ErmX__Corynebacterium_striatum_	0	0	3.198789476	0	0	40.21865434	0	0	0	0	0	0	0	0	0	0	0	0	0	0	0	0	0	0	0	4.678500203	0	0	0	0	0	0	0	0
vgaC__Enterobacter_cloacae_	0	0	29.96276185	196.9866279	0	0	0	65.00240323	0	2.021895991	82.96107782	0	0	0	0	0	0.676428946	1.238237165	0	0	7.321942418	189.9518155	7.098857259	0	86.88176565	0	0	0	0	0	0	0	0	0
Klebsiella_mutant_PhoP_conferring_antibiotic_resistance_to_colistin__Klebsiella_pneumoniae_	0	0	15.25576519	324.0371748	0	0	969.3783086	0	0	0	0	0	287.4919718	0	0	0	0	13.23961276	108.9110386	0	11.18406589	775.6671738	0	310.9100322	438.1917788	0	0	0	0	0	0	0	1076.174233	0
Escherichia_coli_parC_conferring_resistance_to_fluoroquinolone__Escherichia_coli_str__K-12_substr__MG1655_	0	0	19.83249475	0	0	0	829.4933375	13.09468703	0	0	0	0	0	0	17.72098556	0	0	17.21149659	176.9804376	0	0	490.9156718	0	315.7680015	341.7895875	0	0	0	0	0	0	0	699.5132516	0
antibiotic_resistant_fabI__Escherichia_coli_str__K-12_substr__MG1655_	0	0	15.25576519	0	0	0	0	241.7480682	0	10.80936703	0	0	0	8.317542341	0	0	0	26.47922553	27.22775964	0	11.18406589	163.2983524	0	0	122.6936981	0	0	0	0	0	0	0	329.7953295	0
tet37__uncultured_bacterium_	0	0	15.55489784	0	0	0	0	0	0	0	0	0	0	0	0	0	0	0	0	0	0	0	0	0	17.87135098	0	0	0	0	0	0	0	0	0
Capnocytophaga_gingivalis_gyrA_conferring_resistance_to_fluoroquinolones__Capnocytophaga_gingivalis_ATCC_33624_	0	0	0	0	0	0	0	0	0	0	0	0	0	0	0	0	0	0	0	0	2.692460307	0	0	0	0	0	0	0	0	0	0	0	0	0
ACT-35__Enterobacter_cloacae_	0	26.2081859	0	0	0	0	2.126905994	0	0	41.21971961	123.8023495	0	0	4.325122017	113.0033862	0	0	0	0	0	0	3.538130968	13.15654879	0	0	0	0	0	0	0	0	4.004859096	0	0
marA__Escherichia_coli_str__K-12_substr__W3110_	0	65.52046476	0	4.875559344	0	0	4.431054153	0	0	66.35750316	166.4010075	0	0	120.1422783	251.0472955	0	0	0	0	0	0	11.05665928	13.70473832	0	0	0	0	0	0	0	0	0	0	0
LpxC__Acinetobacter_baumannii_	0	31.03600962	0	1.539650319	0	0	0	0	0	1.232647117	21.01907463	0	0	0	1.554472418	0	0	0	0	0	0	0	69.24499362	0	0	0	0	0	0	43.26396916	0	42.15641153	0	0
smeD__Stenotrophomonas_maltophilia_	0	0	0	79.78188017	0	0	0	85.31387003	0	10.64558874	77.149558	0	0	18.80487834	0	0	0	57.3716553	0	0	0	0	0	74.63607307	0	0	0	0	0	0	0	29.58134559	0	0
smeF__Stenotrophomonas_maltophilia_	0	0	0	238.5273648	0	0	0	174.3706213	0	15.49452459	146.6408878	0	0	19.93167158	0	0	0	125.5341332	0	0	0	0	0	242.1529816	0	0	0	0	0	0	0	90.73508888	0	0
Escherichia_coli_parE_conferring_resistance_to_fluoroquinolones__Proteobacteria_	0	235.8736731	0	0	0	0	0	0	0	266.9913656	778.7567149	0	0	519.0146421	1205.027018	0	0	17.21149659	0	0	0	26.53598226	0	0	0	0	0	0	0	0	0	30.03644322	0	0
Escherichia_coli_UhpT_with_mutation_conferring_resistance_to_fosfomycin__Escherichia_coli_str__K-12_substr__MC4100_	0	166.3211798	0	0	0	0	0	0	0	226.9967076	483.8429294	0	0	41.5877117	640.6817857	0	0	0	0	0	0	10.20614702	0	0	0	0	0	0	0	0	0	23.10495632	0	0
smeR__Stenotrophomonas_maltophilia_	0	0	0	2.883841484	0	0	0	97.99345576	0	14.33454949	0	0	0	24.18516297	0	0	0	9.561942551	0	0	0	0	0	175.1429988	0	0	0	0	0	0	0	18.37335622	0	0
OXY-6-3__Klebsiella_oxytoca_	0	0	0	0	0	0	334.2280847	0	0	0	0	0	0	0	0	0	0	10.92793434	53.63043565	0	0	12.63618203	0	118.2876958	119.355094	0	0	0	0	0	0	0	293.7024405	0
smeB__Stenotrophomonas_maltophilia_	0	0	0	0	0	0	0	162.6915661	0	7.767535102	0	0	0	23.26806148	0	0	0	18.2546176	0	0	0	0	0	144.3510864	0	0	0	0	0	0	0	12.82963655	0	0
smeC__Stenotrophomonas_maltophilia_	0	0	0	0	0	0	0	176.6260111	0	4.658180267	0	0	0	32.68987571	0	0	0	4.002673626	0	0	0	0	0	126.3072006	0	0	0	0	0	0	0	17.46304838	0	0
APH(6)-Id__Pseudomonas_aeruginosa_	2.43518522	0	0	0	0	0	0	0	0.887048453	0	53.58417763	0	0	0	0	0	0	0	0	0	0	0	18.10534237	0	0	0	0	0	0	0	0	0	0	0
APH(3__)-Ib__Pseudomonas_aeruginosa_	4.656757701	0	0	0	0	0	0	0	0	0	49.06354648	0	0	0	0	0	0	0	0	0	0	0	29.07160737	0	0	0	0	0	0	1.081599229	0	0	0	0
TEM-126__Escherichia_coli_	0	0	0	579.21645	0	0	0	0	0	0	0	0	0	0	0	0	0	0	0	0	0	0	0	12.63072006	68.3579175	0	0	0	0	0	0	0	0	0
smeA__Stenotrophomonas_maltophilia_	0	0	0	0	0	0	0	88.05048173	0	5.855073808	0	0	0	18.64276732	0	0	0	0	0	0	0	0	0	111.0632281	0	0	0	0	0	0	0	7.32596176	0	0
smeS__Stenotrophomonas_maltophilia_	0	0	0	0	0	0	0	172.6117835	0	14.90382424	0	0	0	33.03912652	0	0	0	0	0	0	0	0	0	151.5686407	0	0	0	0	0	0	0	7.729967004	0	0
OprM__Pseudomonas_aeruginosa_PAO1_	0	0	0	6.979748113	0	0	0	0	0	0	0	0	0	0.94849167	0	0	0	22.04279388	0	0	0	0	0	0	2.531774722	0	0	0	0	0	0	92.04149851	0	0
MexT__Pseudomonas_aeruginosa_PAO1_	0	0	0	2.420967398	0	0	0	0	0	0	0	0	0	1.491421385	0	0	0	10.68299788	0	0	0	0	0	0	0	0	0	0	0	0	0	45.57253454	0	3.692438348
Pseudomonas_aeruginosa_gyrA_conferring_resistance_to_fluoroquinolones__Pseudomonas_aeruginosa_PAO1_	0	0	0	10.86308836	0	0	0	0	0	0	0	0	0	0	0	0	0	65.75932421	0	5.054874811	0	0	0	0	0	1.819416746	0	0	0	0	0	139.0576075	0	0
nalD__Pseudomonas_aeruginosa_PAO1_	0	0	0	7.771240385	0	0	0	0	0	0	0	0	0	0	0	0	0	65.46680613	0	0.558387334	0	0	0	0	0	0	0	0	0.313808171	0	0	274.8415153	0	0
Escherichia_coli_CyaA_with_mutation_conferring_resistance_to_fosfomycin__Escherichia_coli_str__K-12_substr__MC4100_	0	302.402145	0	27.0030979	0	0	12.2706115	0	0	0	0	0	0	590.5455062	0	0	0	0	0	0	0	0	0	0	0	0	0	0	0	0	0	0	0	0
MexB__Pseudomonas_aeruginosa_	0	0	0	0	0	0	0	0	0	0	0	0	0	2.002371304	0	0	0	42.80107618	0	4.573458162	0	0	0	0	0	0	0	0	0	0	0	247.1252339	0	0
adeL__Acinetobacter_baumannii_	0	90.40564128	0	0	0	0	0	0	0	0	0	0	0	2.252667717	0	0	0	0	0	0	0	0	0	0	0	0	0	0	2.248958561	0	0	109.2671893	0	0
MuxB__Pseudomonas_aeruginosa_PAO1_	0	0	0	0	0	0	0	0	0	0	0	0	0	0.72085367	0	0	0	30.40697731	0	0	0	0	0	0	0	0	0	0	0	4.212828997	0	153.3110123	0	0
antibiotic_resistant_fabG__Escherichia_coli_str__K-12_substr__MG1655_	0	0	15.25576519	13.50154895	0	0	0	10.07283617	0	0	0	0	0	241.2087279	0	0	0	0	0	0	0	0	0	0	0	0	0	0	0	0	0	0	0	0
sul1__Vibrio_fluvialis_	0	0	0	0	0	0	0	0	0	0	0	0	0	0	8.438564554	0	0	0	0	0	0	0	0	0	0	0	0	0	0	5.871538672	0	11.37744061	0	0
cpxA__Escherichia_coli_O157_H7_str__Sakai_	0	0	0	40.50464686	0	0	0	0	0	0	0	0	0	440.8297441	0	0	0	0	0	0	0	0	0	0	0	0	0	0	0	0	0	34.65743448	0	0
ACI-1__Acidaminococcus_fermentans_	0	0	0	0	0	0	0	0	0	0	0	0	0	0	0	0	0	0	0	0	0	0	0	0	0	0	0	0	0	0	0	0	0	0
MexC__Pseudomonas_aeruginosa_	0	0	0	2.543770092	0	0	0	0	0	0	0	0	0	0	0	0	0	24.01604176	0	0	0	0	0	0	0	0	0	0	0	0	0	140.1700683	0	0
mexK__Pseudomonas_aeruginosa_PAO1_	0	0	0	2.659396006	0	0	0	0	0	0	0	0	0	0	0	0	0	22.96000039	0	0	0	0	0	0	0	0	0	0	0	0	0	145.8291084	0	0
mexV__Pseudomonas_aeruginosa_PAO1_	0	0	0	1.720785651	0	0	0	0	0	0	0	0	0	0	0	0	0	31.87314184	0	0	0	0	0	0	0	0	0	0	0	0	0	217.3330179	0	0
OXA-50__Pseudomonas_aeruginosa_	0	0	0	4.643389851	0	0	0	0	0	0	0	0	0	0	0	0	0	30.73481534	0	0	0	0	0	0	0	0	0	0	0	0	0	319.8324972	0	0
PDC-8__Pseudomonas_aeruginosa_	0	0	0	0	0	0	0	0	0	0	0	0	0	3.003556956	0	0	0	26.47922553	0	0	0	0	0	0	0	0	0	0	0	0	0	191.8994983	0	0
MexS__Pseudomonas_aeruginosa_PAK_	0	0	0	0.550795407	0	0	0	0	0	0	0	0	0	0	0	0	0	119.4242616	0	0	0	0	0	0	0	0	0	0	0	0	0	346.9690948	0	0
basS__Pseudomonas_aeruginosa_	0	0	0	0.601096357	0	0	0	0	0	0	0	0	0	0	0	0	0	18.58059291	0	0	0	0	0	0	0	0	0	0	0	0	0	115.4031766	0	0
FosA5__Escherichia_coli_	0	0	6.610831583	102.3867462	0	0	2.658632492	0	0	0	0	0	0	0	0	0	0	0	0	0	0	0	0	0	0	0	0	0	0	0	0	0	0	0
mexY__Pseudomonas_aeruginosa_PAO1_	0	0	0	2.797267918	0	0	0	0	0	0	0	0	0	0	0	0	0	23.5064421	0	0	0	0	0	0	0	0	0	0	0	0	0	164.0879768	0	0
opmE__Pseudomonas_aeruginosa_	0	0	0	1.218889836	0	0	0	0	0	0	0	0	0	0	0	0	0	18.4408892	0	0	0	0	0	0	0	0	0	0	0	0	0	114.7225262	0	0
APH(3_)-IIb__Pseudomonas_aeruginosa_	0	0	0	0	0	0	0	0	0	0	0	0	0	0.540640252	0	0	0	19.44400231	0	0	0	0	0	0	0	0	0	0	0	0	0	101.2315199	0	0
smeE__Stenotrophomonas_maltophilia_	0	0	0	0	0	0	0	0	0	14.79176541	118.2322948	0	0	0	0	0	0	0	0	0	0	0	0	0	0	0	0	0	0	0	0	47.97487458	0	0
adeG__Acinetobacter_baumannii_AYE_	0	123.3058747	0	0	0	0	0	0	0	0	0	0	0	3.128705163	0	0	0	0	0	0	0	0	0	0	0	0	0	0	0	0	0	136.6240994	0	0
TriA__Pseudomonas_aeruginosa_PAO1_	0	0	0	3.191275207	0	0	0	0	0	0	0	0	0	0	0	0	0	15.64681508	0	0	0	0	0	0	0	0	0	0	0	0	0	124.5829747	0	0
TriB__Pseudomonas_aeruginosa_PAO1_	0	0	0	3.489874057	0	0	0	0	0	0	0	0	0	0	0	0	0	25.81724489	0	0	0	0	0	0	0	0	0	0	0	0	0	147.1577131	0	0
TriC__Pseudomonas_aeruginosa_PAO1_	0	0	0	3.900447475	0	0	0	0	0	0	0	0	0	0	0	0	0	42.07254722	0	0	0	0	0	0	0	0	0	0	0	0	0	193.7835046	0	0
Pseudomonas_mutant_PhoQ_conferring_resistance_to_colistin__Pseudomonas_aeruginosa_PAO1_	0	0	0	2.490774882	0	0	0	0	0	0	0	0	0	0	0	0	0	15.8114029	0	0	0	0	0	0	0	0	0	0	0	0	0	151.516233	0	0
mexZ__Pseudomonas_aeruginosa_PAO1_	0	0	0	1.117962652	0	0	0	0	0	0	0	0	0	0	0	0	0	21.92547336	0	0	0	0	0	0	0	0	0	0	0	0	0	66.96022373	0	0
Pseudomonas_aeruginosa_soxR__Pseudomonas_aeruginosa_PAO1_	0	0	0	3.079300638	0	0	0	0	0	0	0	0	0	0	0	0	0	40.97975379	0	0	0	0	0	0	0	0	0	0	0	0	0	135.8791479	0	0
MuxA__Pseudomonas_aeruginosa_PAO1_	0	0	0	6.122795455	0	0	0	0	0	0	0	0	0	0	0	0	0	19.01269972	0	0	0	0	0	0	0	0	0	0	0	0	0	84.47749655	0	0
arnA__Pseudomonas_aeruginosa_PAO1_	0	0	0	0	0	0	0	0	0	0	0	0	0	0	0	0	0	31.3337502	0	0	0	0	0	0	0	0	0	0	0	0	210.0518198	188.1128527	0	0
mexJ__Pseudomonas_aeruginosa_PAO1_	0	0	0	3.441571301	0	0	0	0	0	0	0	0	0	0	0	0	0	20.24881952	0	0	0	0	0	0	0	0	0	0	0	0	0	148.3507256	0	0
mexL__Pseudomonas_aeruginosa_PAO1_	0	0	0	0.776637772	0	0	0	0	0	0	0	0	0	0	0	0	0	19.03926614	0	0	0	0	0	0	0	0	0	0	0	0	0	81.07181576	0	0
nalC__Pseudomonas_aeruginosa_PAO1_	0	0	0	9.237901914	0	0	0	0	0	0	0	0	0	0	0	0	0	36.23472967	0	0	0	0	0	0	0	0	0	0	0	0	0	116.8083903	0	0
Type_A_NfxB__Pseudomonas_aeruginosa_PAO1_	0	0	0	2.543770092	0	0	0	0	0	0	0	0	0	0	0	0	0	33.46679893	0	0	0	0	0	0	0	0	0	0	0	0	0	150.1822161	0	0
Pseudomonas_aeruginosa_emrE__Pseudomonas_aeruginosa_PAO1_	0	0	0	2.925335606	0	0	0	0	0	0	0	0	0	0	0	0	0	17.21149659	0	0	0	0	0	0	0	0	0	0	0	0	0	128.4166775	0	0
Klebsiella_pneumoniae_OmpK35__Klebsiella_pneumoniae_subsp__pneumoniae_HS11286_	0	0	1.437137301	170.3054077	0	0	0	0	1.208603517	0	0	0	0	0	0	0	0	0	0	0	0	0	0	0	0	0	0	0	0	0	0	0	0	0
Pseudomonas_aeruginosa_CpxR__Pseudomonas_aeruginosa_	0	0	0	0	0	0	0	0	0	0	0	0	0	0	0	0	0	14.17216485	0	0	0	0	0	0	0	0	0	0	0	0	0	238.2354797	0	0
hmrM__Haemophilus_influenzae_	0	0	0	0	0	0	0	0	0	0	0	0	0	0	0	0	0	0	0	0	1.864010982	0	0	0	0	0	0	0	0	0	0	0	0	0
acrS__Escherichia_coli_str__K-12_substr__MG1655_	0	0	0	0	0	0	0	0	0	0	0	0	0	0	0	0	0	0	0	0	0	0	0	0	0	0	0	0	0	0	0	0	0	0
emrK__Escherichia_coli_	0	0	0	0	0	0	0	0	0	0	0	0	0	0	0	0	0	0	0	0	0	0	0	0	0	0	0	0	0	0	0	0	0	0
Escherichia_coli_acrR_with_mutation_conferring_multidrug_antibiotic_resistance__Escherichia_coli_str__K-12_substr__MG1655_	0	0	0	0	0	0	0	0	0	0	0	0	0	0	0	0	0	0	0	0	0	0	0	0	0	0	0	0	0	0	0	0	0	0
MexD__Pseudomonas_aeruginosa_	0	0	0	0	0	0	0	0	0	0	0	0	0	0	0	0	0	21.85586869	0	0	0	0	0	0	0	0	0	0	0	0	0	171.2604218	0	0
OprJ__Pseudomonas_aeruginosa_	0	0	0	0	0	0	0	0	0	0	0	0	0	0	0	0	0	17.21149659	0	0	0	0	0	0	0	0	0	0	0	0	0	65.0789603	0	0
cmx__Corynebacterium_striatum_	0	0	0	0	0	0	0	0	0	0	0	0	0	0	5.625709703	0	0	0	0	0	0	0	0	0	0	0	0	0	0	5.871538672	0	0	0	0
mexW__Pseudomonas_aeruginosa_PAO1_	0	0	0	0	0	0	0	0	0	0	0	0	0	0	0	0	0	16.39190152	0	0	0	0	0	0	0	0	0	0	0	0	0	122.8763586	0	0
Klebsiella_pneumoniae_ramR_mutants__Klebsiella_pneumoniae_subsp__pneumoniae_MGH_78578_	0	0	0	221.907601	10.61029527	0	0	0	0	0	0	0	0	0	0	0	0	0	0	0	0	0	0	0	0	0	0	0	0	0	0	0	0	0
tet(42)__Micrococcus_sp__SMCC_G887_	0	3.120022131	0	0	0	0	0	0	4.297256948	0	0	0	0	0	0	0	0	0	0	0	0	0	0	0	0	0	0	0	0	0	0	0	0	0
APH(3_)-IIc__Stenotrophomonas_maltophilia_	0	0	0	0	0	0	0	0	0	1.951691269	0	0	0	0	0	0	0	0	0	0	0	0	0	91.22186709	0	0	0	0	0	0	0	0	0	0
OXA-212__Acinetobacter_johnsonii_	0	0	0	0	0	0	0	3.795561457	0	0	0	0	0	0	0	0	0	0	0	0	0	0	0	0	0	0	0	0	0	0	0	2.002429548	0	0
Escherichia_coli_murA_with_mutation_conferring_resistance_to_fosfomycin__Escherichia_coli_ATCC_25922_	0	0	0	27.0030979	0	0	0	0	0	0	0	0	0	316.0666089	0	0	0	0	0	0	0	0	0	0	0	0	0	0	0	0	0	0	0	0
bcr-1__Pseudomonas_aeruginosa_	0	0	0	0	0	0	0	0	0	0	0	0	0	0	0	0	0	22.75558444	0	0	0	0	0	0	0	0	0	0	0	0	0	99.48093644	0	0
abeM__Acinetobacter_baumannii_	0	52.74397413	0	0	0	0	0	0	0	0	0	0	0	0	0	0	0	0	0	0	0	0	0	0	0	0	0	0	0	0	0	103.3754254	0	0
mexM__Pseudomonas_aeruginosa_	0	0	0	0	0	0	0	0	0	0	0	0	0	0	0	0	0	5.092158755	0	0	0	0	0	0	0	0	0	0	0	0	0	44.87693439	0	0
mexN__Pseudomonas_aeruginosa_	0	0	0	0	0	0	0	0	0	0	0	0	0	0	0	0	0	26.19140786	0	0	0	0	0	0	0	0	0	0	0	0	0	160.9095172	0	0
mexP__Pseudomonas_aeruginosa_	0	0	0	0	0	0	0	0	0	0	0	0	0	0	0	0	0	27.74014103	0	0	0	0	0	0	0	0	0	0	0	0	0	148.2568031	0	0
mexR__Pseudomonas_aeruginosa_PAO1_	0	0	0	0	0	0	0	0	0	0	0	0	0	0	0	0	0	30.59821616	0	0	0	0	0	0	0	0	0	0	0	0	0	133.4953032	0	0
MexA__Pseudomonas_aeruginosa_PAO1_	0	0	0	0	0	0	0	0	0	0	0	0	0	0	0	0	0	34.42299318	0	0	0	0	0	0	0	0	0	0	0	0	0	231.0495632	0	0
Pseudomonas_mutant_PhoP_conferring_resistance_to_colistin__Pseudomonas_aeruginosa_PAO1_	0	0	0	0	0	0	0	0	0	0	0	0	0	0	0	0	0	79.43767658	0	0	0	0	0	0	0	0	0	0	0	0	0	427.4416919	0	0
PmpM__Pseudomonas_aeruginosa_PAO1_	0	0	0	0	0	0	0	0	0	0	0	0	0	0	0	0	0	23.90485638	0	0	0	0	0	0	0	0	0	0	0	0	0	108.4649338	0	0
OprN__Pseudomonas_aeruginosa_PAO1_	0	0	0	0	0	0	0	0	0	0	0	0	0	0	0	0	0	26.47922553	0	0	0	0	0	0	0	0	0	0	0	0	0	95.30794482	0	0
OpmB__Pseudomonas_aeruginosa_PAO1_	0	0	0	0	0	0	0	0	0	0	0	0	0	0	0	0	0	8.605748296	0	0	0	0	0	0	0	0	0	0	0	0	0	130.5932314	0	0
MuxC__Pseudomonas_aeruginosa_PAO1_	0	0	0	0	0	0	0	0	0	0	0	0	0	0	0	0	0	18.2546176	0	0	0	0	0	0	0	0	0	0	0	0	0	142.6731053	0	0
ArmR__Pseudomonas_aeruginosa_PAO1_	0	0	0	0	0	0	0	0	0	0	0	0	0	0	0	0	0	12.29392614	0	0	0	0	0	0	0	0	0	0	0	0	0	72.94564781	0	0
mexG__Pseudomonas_aeruginosa_PAO1_	0	0	0	0	0	0	0	0	0	0	0	0	0	0	0	0	0	11.10419135	0	0	0	0	0	0	0	0	0	0	0	0	0	159.8713913	0	0
mexH__Pseudomonas_aeruginosa_PAO1_	0	0	0	0	0	0	0	0	0	0	0	0	0	0	0	0	0	18.70814847	0	0	0	0	0	0	0	0	0	0	0	0	0	250.3036935	0	0
mexI__Pseudomonas_aeruginosa_PAO1_	0	0	0	0	0	0	0	0	0	0	0	0	0	0	0	0	0	18.68353248	0	0	0	0	0	0	0	0	0	0	0	0	0	80.24089695	0	0
opmD__Pseudomonas_aeruginosa_PAO1_	0	0	0	0	0	0	0	0	0	0	0	0	0	0	0	0	0	28.68582765	0	0	0	0	0	0	0	0	0	0	0	0	0	79.26283627	0	0
basR__Pseudomonas_aeruginosa_PAO1_	0	0	0	0	0	0	0	0	0	0	0	0	0	0	0	0	0	18.03109167	0	0	0	0	0	0	0	0	0	0	0	0	0	107.3417762	0	0
OpmH__Pseudomonas_aeruginosa_PAO1_	0	0	0	0	0	0	0	0	0	0	0	0	0	0	0	0	0	4.589732424	0	0	0	0	0	0	0	0	0	0	0	0	0	62.07531598	0	0
Escherichia_coli_nfsA_mutations_conferring_resistance_to_nitrofurantoin__Escherichia_coli_str__K-12_substr__MG1655_	0	0	0	0	0	0	0	0	0	0	0	0	0	74.85788107	0	0	0	0	0	0	0	10.20614702	0	0	0	0	0	0	0	0	0	0	0	0
ADC-81__Acinetobacter_baumannii_	0	23.82562355	0	0	0	0	0	0	0	0	0	0	0	0	0	0	0	0	0	0	0	0	0	0	0	0	0	0	0	0	0	26.2222917	0	0
ICR-Mo__Moraxella_osloensis_	0	0	0	0	0	0	0	0	0	0	0	0	0	0	0	0	0	0	0	0	0	0	0	0	0	0	0	0	3.55731035	56.3997628	0	0	0	0
mgrB__Escherichia_coli_str__K-12_substr__MG1655_	0	0	3.813941298	0	0	0	0	0	0	0	0	0	0	0	0	0	0	0	0	0	0	0	0	0	0	0	0	0	0	0	0	0	0	0
OXA-85__Fusobacterium_nucleatum_	0	0	0	0	0	0	0	0	0	0	0	0	0	0	0	0	0	0	0	0	0	0	0	0	0	0	0	0	0	0	0	0	0	0
acrB__Escherichia_coli_str__K-12_substr__MG1655_	0	0	0	0	0	0	0	0	0	0	0	0	0	0	0	0	0	0	0	0	0	0	0	0	0	0	0	0	0	0	0	0	0	0
Lactobacillus_reuteri_cat-TC__Lactobacillus_reuteri_	0	0	0	0	0	0	0	0	0	0	0	0	0	0	0	0	0	0	0	0	0	0	0	0	1.582359201	0	0	0	0	0	0	0	0	0
EreA2__Providencia_stuartii_	0	0	0	0	0	0	0	0	0	0	0	0	0	0	3.586389935	0	0	0	0	0	0	0	0	0	0	0	0	0	0	0	0	0	0	0
sul2__Vibrio_cholerae_	0	0	0	0	0	0	0	0	0	0	0	0	0	0	0	0	0	0	0	0	0	0	15.55068267	0	0	0	0	0	0	0	0	0	0	0
tet(D)__Shigella_flexneri_Y_	0	0	0	324.4463127	0	0	0	0	0	0	0	0	0	0	0	0	0	0	0	0	0	0	0	0	0	0	0	0	0	0	0	0	0	0
AAC(6_)-IIa__Salmonella_enterica_subsp__enterica_serovar_Typhi_	0	0	0	0	0	0	0	0	0	0	0	0	0	0	27.26305471	0	0	0	0	0	0	0	0	0	0	0	0	0	0	0	0	0	0	0
EBR-1_beta-lactamase__Empedobacter_brevis_	0	0	0	0	0	0	0	0	0	0	0	0	0	0	0	0	0	0	0	0	0	0	0	0	0	0	0	0	0	0	0	3.635990495	0	0
dfrC__Staphylococcus_epidermidis_ATCC_12228_	0	0	0	0	0	0	0	0	0	0	0	0	0	0	0	0	0	0	0	0	0	0	0	0	0	0	0	1.695541156	0	0	0	0	0	0
Enterococcus_faecalis_liaF_mutant_conferring_daptomycin_resistance__Enterococcus_faecalis_V583_	0	0	0	0	0	0	0	0	0	0	0	0	0	0	0	0	0	0	0	0	0	0	0	19.9432422	0	0	0	0	0	0	0	0	0	0
norA__Staphylococcus_epidermidis_	0	0	0	0	0	0	0	0	0	0	0	0	0	0	0	0	0	0	0	0	0	0	0	0	0	0	0	8.807394338	0	0	0	0	0	0
lsaA__Enterococcus_faecalis_	0	0	0	0	0	0	0	0	0	0	0	0	0	0	0	0	0	0	0	0	0	0	0	18.0438858	0	0	0	0	0	0	0	0	0	0
lmrC__Lactococcus_lactis_subsp__lactis_	0	0	0	0	0	0	0	0	0	0	0	0	0	0	0	0	0	0	0	0	4.690092148	0	0	0	0	0	0	0	0	0	0	0	0	0
lmrD__Lactococcus_lactis_subsp__lactis_	0	0	0	0	0	0	0	0	0	0	0	0	0	0	0	0	0	0	0	0	2.005418712	0	0	0	0	0	0	0	0	0	0	0	0	0
Staphylococcus_aureus_mprF_mutations_conferring_resistance_to_daptomycin__Staphylococcus_aureus_	0	0	0	0	0	0	0	0	0	0	0	0	0	0	0	0	0	0	0	0	0	0	0	0	0	0	0	0.682351929	0	0	0	0	0	0
Enterococcus_faecalis_cls_conferring_resistance_to_daptomycin__Enterococcus_faecalis_OG1RF_	0	0	0	0	0	0	0	0	0	0	0	0	0	0	0	0	0	0	0	0	0	0	0	10.52560005	0	0	0	0	0	0	0	0	0	0
QnrB41__Citrobacter_freundii_	0	0	0	0	0	0	0	0	0	0	0	0	0	83.467267	0	0	0	0	0	0	0	0	0	0	0	0	0	0	0	0	0	0	0	0
mexX__Pseudomonas_aeruginosa_PAO1_	0	0	0	0	0	0	0	0	0	0	0	0	0	0	0	0	0	0	0	0	0	0	0	0	0	0	0	0	0	0	0	3.003644322	0	0
emeA__Enterococcus_faecalis_ATCC_29212_	0	0	0	0	0	0	0	0	0	0	0	0	0	0	0	0	0	0	0	0	0	0	0	6.647747399	0	0	0	0	0	0	0	0	0	0
aadA7__Vibrio_fluvialis_	0	0	0	0	0	0	0	0	0	0	0	0	0	0	0	0	0	0	0	0	0	0	0	0	0	0	0	0	0	0	0	6.72457684	0	0
mdtE__Escherichia_coli_str__K-12_substr__W3110_	0	0	3.479385044	0	0	0	0	0	0	0	0	0	0	0	0	0	0	0	0	0	0	0	0	0	0	0	0	0	0	0	0	0	0	0
eptA__Escherichia_coli_str__K-12_substr__W3110_	0	0	15.25576519	0	0	0	0	0	0	0	0	0	0	0	0	0	0	0	0	0	0	0	0	0	0	0	0	0	0	0	0	0	0	0
catI__Escherichia_coli_	0	0	0	101.8801946	0	0	0	0	0	0	0	0	0	0	0	0	0	0	0	0	0	0	0	0	0	0	0	0	0	0	0	0	0	0
OCH-1__Ochrobactrum_anthropi_	0	0	0	3.002318122	0	0	0	0	0	0	0	0	0	0	0	0	0	0	0	0	0	0	0	0	0	0	0	0	0	0	0	0	0	0
Escherichia_coli_GlpT_with_mutation_conferring_resistance_to_fosfomycin__Escherichia_coli_str__K-12_substr__MC4100_	0	0	0	0	0	0	0	0	0	0	0	0	0	0	6.815763678	0	0	0	0	0	0	0	0	0	0	0	0	0	0	0	0	0	0	0
efrA__Enterococcus_faecium_	0	0	0	0	0	0	0	0	0	0	0	0	0	0	0	0	0	0	0	0	0	0	0	2.2159158	0	0	0	0	0	0	0	0	0	0
dfrE__Enterococcus_faecalis_EnGen0074_	0	0	0	0	0	0	0	0	0	0	0	0	0	0	0	0	0	0	0	0	0	0	0	5.336923968	0	0	0	0	0	0	0	0	0	0
Escherichia_coli_rpoB_mutants_conferring_resistance_to_rifampicin__Escherichia_coli_O157_H7_str__Sakai_	0	0	19.83249475	0	0	0	0	0	0	0	0	0	0	0	0	0	0	0	0	0	0	0	0	0	0	0	0	0	0	0	0	0	0	0
mgrA__Staphylococcus_	0	0	0	0	0	0	0	0	0	0	0	0	0	0	0	0	0	0	0	0	0	0	0	0	0	1.488613701	0	0	0	0	0	0	0	0
Enterococcus_faecalis_YybT_with_mutation_conferring_daptomycin_resistance__Enterococcus_	0	0	0	0	0	0	0	0	0	0	0	0	0	0	0	0	0	0	0	0	0	0	0	11.079579	0	0	0	0	0	0	0	0	0	0
Enterococcus_faecalis_gshF_with_mutation_conferring_daptomycin_resistance__Enterococcus_	0	0	0	0	0	0	0	0	0	0	0	0	0	0	0	0	0	0	0	0	0	0	0	15.61027453	0	0	0	0	0	0	0	0	0	0
LEN-9__Klebsiella_	0	0	0	66.1380224	0	0	0	0	0	0	0	0	0	0	0	0	0	0	0	0	0	0	0	0	0	0	0	0	0	0	0	0	0	0
mecR1__Staphylococcus_aureus_subsp__aureus_JH9_	0	0	0	0	0	0	0	0	0	0	0	0	0	0	0	0	0	0	0	0	0	0	0	0	0	0	0	0	0	0	0	0	0	0.660177017
adeI__Acinetobacter_baumannii_AB0057_	0	0	0	0	0	0	0	0	0	0	0	0	0	0	0	0	0	0	0	0	0	0	0	0	0	0	0	0	0	0	0	3.128796168	0	0
CrpP__Pseudomonas_aeruginosa_	0	0	0	1.655850343	0	0	0	0	0	0	0	0	0	0	0	0	0	0	0	0	0	0	0	0	0	0	0	0	0	0	0	0	0	0
ANT(4_)-Ib__Staphylococcus_aureus_	0	0	0	0	0	0	0	0	0	0	0	0	0	0	0	0	0	0	0	0	0	0	0	0	0	0	0	0.33206444	0	0	0	0	0	0
tetX__Bacteroides_fragilis_	0	0	0	0	0	0	0	0	0	0	0	0	0	0	0	0	0	0	0	0	0	0	0	0	0	0	0	0	0	0	0	0	0	0
catP__Clostridium_perfringens_	0	0	0	0	0	0	0	0	0	0	0	0	0	0	0	0	0	0	0	0	0	0	0	0	0	0	0	0	0	0	0	0	0	0
SAT-4__Campylobacter_coli_	0	0	0	0	0	0	0	0	0	0	0	0	0	0	0	0	0	0	0	0	0	0	0	0	0	0	0	0	0	0	0	0	0	0
acrF__Escherichia_coli_str__K-12_substr__MG1655_	0	0	0	0	0	0	0	0	0	0	0	0	0	0	0	0	0	0	0	0	0	0	0	0	0	0	0	0	0	0	0	0	0	0
mdtM__Escherichia_coli_str__K-12_substr__MG1655_	0	0	0	0	0	0	0	0	0	0	0	0	0	0	0	0	0	0	0	0	0	0	0	0	0	0	0	0	0	0	0	0	0	0
aad(6)__Streptococcus_oralis_	0	0	0	0	0	0	0	0	0	0	0	0	0	0	0	0	0	0	0	0	0	0	0	0	0	0	0	0	0	0	0	0	0	0
tolC__Escherichia_coli_	0	0	0	0	0	0	0	0	0	0	0	0	0	0	0	0	0	0	0	0	0	0	0	0	0	0	0	0	0	0	0	0	0	0
APH(3_)-IIIa__Campylobacter_coli_CVM_N29710_	0	0	0	0	0	0	0	0	0	0	0	0	0	0	0	0	0	0	0	0	0	0	0	0	0	0	0	0	0	0	0	0	0	0
emrY__Escherichia_coli_	0	0	0	0	0	0	0	0	0	0	0	0	0	0	0	0	0	0	0	0	0	0	0	0	0	0	0	0	0	0	0	0	0	0
H-NS__Escherichia_coli_O157_H7_str__Sakai_	0	0	0	0	0	0	0	0	0	0	0	0	0	0	0	0	0	0	0	0	0	0	0	0	0	0	0	0	0	0	0	0	0	0
evgA__Escherichia_coli_O157_H7_str__Sakai_	0	0	0	0	0	0	0	0	0	0	0	0	0	0	0	0	0	0	0	0	0	0	0	0	0	0	0	0	0	0	0	0	0	0
AAC(6_)-Ie-APH(2__)-Ia__Staphylococcus_aureus_	0	0	0	0	0	0	0	0	0	0	0	0	0	0	0	0	0	0	0	0	0	0	0	0	0	0	0	0	0	0	0	0	0	0