# Constructed from biom file																																																																																																																										
#OTU ID	AF001	AF002	AF003	AF004	AF005	AF006	AF007	AF008	AF009	AF010	AF011	AF012	AF013	AF014	AF015	AF016	AF017	AF018	AF019	AF020	AF021	AF022	AF023	AF024	AF025	AF026	AF027	AF028	AF029	AF030	AF031	AF032	AF033	AF034	AF035	AF036	AF037	AF038	AF039	AF040	AF041	AF042	AF043	AF044	AF045	AF046	AF047	AF048	AF049	AF050	AF051	AF052	AF053	AF054	AF055	AF056	AF057	AF058	AF059	AF060	AF061	AF062	AF063	AF064	AF065	AF066	AF067	AF068	AF069	AF070	AF071	AF072	AF073	AF074	AF075	AF076	AF077	AF078	AF079	AF080	AF081	AF082	AF083	AF084	AF085	AF086	AF087	AF088	AF089	AF090	AF091	AF092	AF093	AF094	AF095	AF096	AF097	AF098	AF099	AF100	AF101	AF102	AF103	AF104	AF105	AF106	AF107	AF108	AF109	AF110	AF111	AF112	AF113	AF114	AF115	AF116	AF117	AF118	AF119	AF120	AF121	AF122
k__Archaea|p__Euryarchaeota|c__Methanobacteria|o__Methanobacteriales|f__Methanobacteriaceae|g__Methanobrevibacter	0	0	0	0	0	0	0	0	0	0	0	0	0	0	0	0	0	0	0	0	0	0	0	0	0	0	0	0	0	0	0	0.00185865	0	0	0	0	0	0	0	0	0	0	0	0	0	0	0	0	0	0	0	0	0	0	0	0	0	0	0	0	0	0	0	0	0	0	0	0	0	0	0	0	0	0	0	0	0	0	0	0	0	0	0	0	0	0	0	0	0	0	0	0	0	0	0	0	0	0	0	0	0	0	0	0	0.00041825	0	0	0	0	0	0	0	0	0	0	0	0	0	0	0	0	0
k__Bacteria|p__Acidobacteria|c__Acidobacteriia|o__Acidobacteriales|f__Acidobacteriaceae|g__Acidobacteriaceae_unclassified	0	0	0	0	0	0	0	0	0	0	0	0	0	0	0	0	0	0	0.01560865	0	0	0	0	0	0	0	0	0	0	0	0	0	0	0	0.0053984	0	0	0	0	0	0	0	0	0	0	0	0	0	0	0	0	0	0	0	0	0	0	0	0	0	0	0	0	0	0	0	0	0	0	0	0.0053739	0	0	0	0	0	0	0.06625835	0	0	0	0	0	0	0	0	0	0	0	0	0	0	0	0	0	0	0	0	0	0	0	0	0	0	0	0	0	0	0	0	0	0	0	0	0	0	0	0	0	0	0	0
k__Bacteria|p__Acidobacteria|c__Acidobacteriia|o__Acidobacteriales|f__Acidobacteriaceae|g__Granulicella	0.00325025	0	0.0050379	0	0	0	0	0	0	0	0	0	0	0	0	0	0	0	0	0	0	0	0	0	0	0	0	0	0	0.0128251	0	0	0	0.0147074	0.02985775	0	0	0	0	0	0	0	0	0	0	0	0.023229	0	0.00221215	0	0.023976	0.00538045	0	0.00971535	0	0	0	0	0	0.02054245	0	0	0.00688845	0	0.00185785	0	0	0	0	0	0	0	0	0	0	0	0.05632185	0	0	0	0	0	0	0	0	0.0051429	0.03734385	0	0.0094441	0	0	0	0	0	0	0	0.01872865	0	0	0	0	0	0	0	0	0	0	0	0	0	0	0	0.00341535	0	0	0	0	0.02201655	0	0.01010515	0	0
k__Bacteria|p__Acidobacteria|c__Acidobacteriia|o__Acidobacteriales|f__Acidobacteriaceae|g__Terriglobus	0	0	0	0	0	0	0	0	0	0	0	0	0	0	0	0	0	0	0	0	0	0	0	0	0	0	0	0	0	0	0	0	0	0	0	0	0	0	0	0	0	0	0	0	0	0	0	0	0	0	0	0	0	0	0	0	0	0	0	0	0	0	0	0	0	0	0	0	0	0	0	0	0	0	0	0	0	0.0193031	0	0	0	0	0	0	0	0	0	0	0	0	0	0	0	0	0	0	0	0	0	0	0	0	0	0	0	0	0	0	0	0	0	0	0	0	0	0	0.03891855	0	0	0	0	0
k__Bacteria|p__Actinobacteria|c__Actinobacteria|o__Actinomycetales|f__Actinomycetaceae|g__Actinomyces	0	0	0	0	0	0	0	0	0	0	0	0	0	0	0	0	0	0	0	0	0	0	0	0	0	0	0	0	0	0	0	0	0	0	0	0	0	0	0	0	0	0	0	0	0	0	0	0	0	0	0	0	0	0	0	0	0	0	0	0	0	0	0	0	0	0	0	0	0	0	0	0	0	0	0	0	0	0	0	0	0	0	0	0	0	0	0	0	0	0	0	0.00380545	0	0	0	0	0	0	0	0	0	0	0.00748005	0	0	0	0	0	0	0	0	0	0	0	0	0	0	0	0	0	0	0
k__Bacteria|p__Actinobacteria|c__Actinobacteria|o__Actinomycetales|f__Brevibacteriaceae|g__Brevibacterium	0	0	0.0097054	0	0	0	0.05450805	0.0066036	0	0	0	0	0	0	0	0	0	0	0	0.04705545	0	0	0.0753989	0	0	0	0	0	0.04813715	0	0	0.0102839	0	0.03953965	0	0	0	0.00233145	0.00124965	0	0	0	0.1039475	0	0	0.01816855	0	0	0	0	0	0	0	0.0012144	0	0	0.00308745	0	0	0	0	0	0	0	0	0	0	0	0	0.0272387	0	0.00491355	0	0	0	0	0	0	0	0.0121958	0	0.03306515	0	0.01296355	0	0.01980795	0	0	0	0.02159845	0	0	0	0	0	0	0	0	0	0	0	0	0.0227599	0	0	0.02954325	0	0	0	0	0	0	0	0	0	0	0	0	0	0	0	0.0015405
k__Bacteria|p__Actinobacteria|c__Actinobacteria|o__Actinomycetales|f__Cellulomonadaceae|g__Cellulomonas	0	0	0	0	0	0	0	0	0	0	0	0	0	0	0	0	0	0	0	0	0	0	0	0	0	0	0	0	0	0	0	0	0	0	0	0	0	0	0	0	0	0	0	0	0	0	0	0	0	0	0	0	0	0	0	0	0	0	0	0	0	0	0	0	0.00060395	0	0	0	0	0	0	0	0	0	0	0	0	0	0	0	0	0	0	0	0	0	0	0	0	0	0	0	0	0	0	0	0	0	0	0	0	0	0	0	0	0	0	0	0	0	0	0	0	0	0	0	0	0	0	0	0	0
k__Bacteria|p__Actinobacteria|c__Actinobacteria|o__Actinomycetales|f__Corynebacteriaceae|g__Corynebacterium	0.02839165	0	0.01144575	6.49e-05	0.02680585	0	0.04532625	0.02909665	0	0	0	0.00031665	0	0	0	0	0	0.0087616	0	0	0.01777585	0.0047518	0.0043888	0.0066826	0.04112115	0.0014581	0.03139365	0.01463085	0.0461528	0.01276265	0	0.08003805	0.0328185	0	0	0.00707085	0	0.0079224	0.00426395	0	0	0	0	0	0.00106975	0.0137427	0	0.018155	0.0033861	0.0031609	0	0.0077135	0	0.03431005	0	0	0	0	0.06919485	0	0	0.0053642	0.0076351	0	0	0.0003398	0	0	0.09854205	0.0320399	0.005851	0	0	0	0	0	0	0	0	0.0375965	0.0502549	0.05274675	0	0	0	0.06079675	0	0	0	0.1038233	0	0.13817675	0	0	0.0019736	0.05519695	0	0	0	0	0	0.00947015	0.0457392	0.0092058	0.0081378	0	0	0.02334095	0	0	0	0	0	0	0.001745	0.01593605	0	0	0.1716063	0.02348495	0	0.0056511
k__Bacteria|p__Actinobacteria|c__Actinobacteria|o__Actinomycetales|f__Corynebacteriaceae|g__Turicella	0	0	0	0	0	0	0	0	0	0	0	0	0	0	0	0	0	0	0	0	0	0	0	0	0	0	0.0031513	0	0	0	0	0	0	0	0	0	0	0	0	0	0	0	0	0	0	0	0	0	0	0.0195539	0	0	0	0	0	0	0	0	0	0	0	0	0	0	0	0	0	0	0	0	0	0	0	0	0	0	0	0	0	0	0	0	0	0	0	0	0	0	0	0	0	0	0	0	0	0	0	0	0	0	0	0	0.20013785	0	0	0	0	0	0	0	0	0	0	0	0	0	0	0	0	0	0	0.0002161
k__Bacteria|p__Actinobacteria|c__Actinobacteria|o__Actinomycetales|f__Dermabacteraceae|g__Brachybacterium	0.00529655	0	0.0116133	0	0	0	0	0.0027637	0	0	0	0	0	0	0	0	0	0	0	0.00167385	0	0	0	0.0006015	0	0	0.02817205	0	0.0043798	0	0	0.00527035	0	0.0049069	0	0	0	0	0	0	0	0	0	0.01290095	0	0	0	0.0078934	0.0005023	0	0	0	0	0	0	0	0	0	0	0	0.01609475	0.0121875	0	0	0	0	0	0	0	0	0	0.00254885	0	0	0	0	0	0	0	0	0	0.01485845	0.01477585	0	0	0	0	0	0.00844455	0.00550385	0	0	0	0	0	0	0	0	0	0	0	0.00137175	0	0	0.0023317	0.00587215	0	0	0	0	0	0	0	0	0	0.0054678	0	0	0	0	0	0
k__Bacteria|p__Actinobacteria|c__Actinobacteria|o__Actinomycetales|f__Dermabacteraceae|g__Dermabacteraceae_unclassified	0	0	0.01848235	0	0	0	0	0.03579705	0	0.02500065	0	0	0	0	0	0	0	0	0.02786375	0.0153127	0	0	0.0334664	0	0	0	0	0.0247213	0	0	0	0	0	0	0	0.03064625	0	0	0.00121295	0	0	0	0	0.0047051	0	0	0	0	0	0	0	0	0	0	0	0	0	0	0	0	0	0	0.0234549	0	0	0	0	0	0	0	0	0.04527495	0	0	0	0	0.05911055	0	0	0	0	0.0019452	0	0	0	0.0198485	0	0	0	0	0	0	0	0	0	0	0	0	0.11517175	0	0	0	0.0179326	0	0.0059972	0.0136605	0	0	0	0	0	0	0	0	0	0.0843048	0	0	0	0	0.04080945	0
k__Bacteria|p__Actinobacteria|c__Actinobacteria|o__Actinomycetales|f__Dermacoccaceae|g__Kytococcus	0	0	0.00454675	0	0	0	0	0.0050768	0	0	0	0	0	0	0	0	0	0	0	0	0	0	0	0	0	0	0	0	0	0	0	0	0	0	0	0	0	0	0	0	0	0	0	0	0	0	0	0	0	0	0	0	0	0	0	0	0	0	0	0	0	0	0	0	0	0	0	0	0	0	0	0	0	0	0	0	0	0	0	0	0	0	0	0	0	0	0	0	0	0	0	0	0	0	0	0	0	0	0	0	0	0	0	0	0	0	0	0	0	0	0	0	0	0	0	0	0	0	0	0	0	0
k__Bacteria|p__Actinobacteria|c__Actinobacteria|o__Actinomycetales|f__Dermatophilaceae|g__Dermatophilaceae_unclassified	0	0	0.01185335	0	0.01564355	0.04879815	0	0.02841875	0	0	0	0.07490005	0	0	0.01999755	0	0	0	0	0.01760945	0	0.00910165	0.03456095	0	0	0	0	0	0	0	0	0	0	0	0	0.03460435	0	0	0.00114565	0	0	0	0	0.011403	0	0	0	0	0	0	0	0	0	0	0	0	0	0.0212754	0	0	0.06034795	0	0.0534185	0	0	0.01938	0	0	0	0	0	0	0	0	0	0	0	0	0	0	0	0.0151562	0	0.0225348	0	0	0	0	0	0.01980035	0	0	0	0	0	0	0	0	0	0	0	0	0	0	0	0	0	0	0	0	0	0	0	0	0	0	0	0	0.01053135	0	0	0
k__Bacteria|p__Actinobacteria|c__Actinobacteria|o__Actinomycetales|f__Dietziaceae|g__Dietzia	0	0	0	0	0	0	0	0.0010357	0	0	0	0	0	0	0	0	0	0	0	0	0	0	0	0	0	0	0	0	0	0	0	0.01018455	0	0	0	0	0	0	0	0	0	0	0	0	0	0.00108315	0	0	0	0	0	0	0	0	0	0	0	0	0	0	0	0	0	0	0	0	0	0	0	0	0	0	0	0	0	0	0	0	0	0	0	0	0	0	0	0	0	0	0	0	0	0	0	0	0	0	0	0	0	0	0	0	0	0	0	0	0	0	0	0	0	0	0	0	0	0	0	0	0	0	0	0
k__Bacteria|p__Actinobacteria|c__Actinobacteria|o__Actinomycetales|f__Geodermatophilaceae|g__Geodermatophilaceae_unclassified	0.00034	0	0	0	0.00263455	0	0.0125717	0	0	0	0	0.00782325	0	0	0	0	0.00482925	0	0.0036291	0.0080039	0	0	0	0	0	0	0	0.00443305	0	0	0.00247405	0	0	0	0.01360625	0	0	8.745e-05	0	0	0	0	0	0.01843555	0.0093675	0	0	0	0.00023535	0	0	0.0026911	0	0	0	0	0	0	0	0	0	0	0	0	0	0	0	0	0	0	0.00059725	0	0	0	0	0	0	0	0	0	0	0	0	0	0	0	0	0	0	0	0	0	0	0	0	0	0	0	0.00213815	0.0018602	0	0	0	0	0.00020735	0	0	0	0.229792	0	0	0	0.0021917	0	0	0	0	0	0	0	0.0324601	0.00266555
k__Bacteria|p__Actinobacteria|c__Actinobacteria|o__Actinomycetales|f__Intrasporangiaceae|g__Janibacter	0	0	0.0009502	0	0	0	0	0.0031787	0	0	0	0	0	0	0	0	0	0	0	0	0	0	0	0	0	0	0	0	0.00250935	0	0	0	0	0	0	0	0	0	0	0	0	0	0	0	0	0	0	0	0	0	0	0	0	0	0	0	0	0	0	0	0	0	0	0	0	0	0	0	0	0	0	0	0	0	0	0	0	0	0	0	0	0	0	0	0	0.0010966	0	0	0	0	0	0	0	0	0	0	0	0	0	0	0	0	0	0	0	0	0	0	0	0	0	0	0	0	0	0	0	0	0	0	0	0
k__Bacteria|p__Actinobacteria|c__Actinobacteria|o__Actinomycetales|f__Intrasporangiaceae|g__Serinicoccus	0	0	0	0	0	0	0	0.02787665	0	0	0	0	0	0	0	0	0	0	0	0	0	0	0	0	0	0	0	0	0	0	0	0	0	0	0	0	0	0	0	0	0	0	0	0	0	0	0	0	0	0	0	0	0	0	0	0	0	0	0	0	0	0.00217795	0	0	0	0	0	0	0	0	0	0	0	0	0	0	0	0	0	0	0	0	0	0	0.0132276	0	0	0	0	0	0	0	0	0	0	0	0	0	0	0	0	0	0	0	0	0	0	0	0	0	0	0	0	0	0	0	0	0	0	0	0	0
k__Bacteria|p__Actinobacteria|c__Actinobacteria|o__Actinomycetales|f__Intrasporangiaceae|g__Tetrasphaera	0	0	0	0	0	0	0	0.01054865	0	0	0	0	0	0	0	0	0	0	0	0	0	0	0	0	0	0	0	0	0	0	0	0	0	0	0	0	0	0	0	0	0	0	0	0	0	0	0	0	0	0	0	0	0	0	0	0	0	0	0	0	0	0	0	0	0	0	0	0	0	0	0	0	0	0	0	0	0	0	0	0	0	0	0	0	0	0	0	0	0	0	0	0	0	0	0	0	0	0	0	0	0	0	0	0	0	0	0	0	0	0	0	0	0	0	0	0	0	0	0	0	0	0
k__Bacteria|p__Actinobacteria|c__Actinobacteria|o__Actinomycetales|f__Microbacteriaceae|g__Clavibacter	0.00053055	0	0.0051034	0	0	0	0	0	0	0.0361553	0	0	0	0	0	0	0	0	0.00803035	0	0	0.0013695	0	0	0.0104281	0	0	0.01753355	0	0	0.0030177	0	0	0	0	0	0	0	0	0	0	0.0061896	0	0.00159945	0.0727186	0	0	0	0.0015631	0.00089635	0	0.0008905	0	0	0	0	0	0	0	0	0	0	0	0	0	0	0	0	0	0	0.00375605	0	0	0	0	0	0	0	0	0	0	0	0	0	0	0	0	0	0	0	0.0052415	0	0	0	0	0	0	0	0	0	0	0	0	0	0	0	0	0	0	0	0	0	0	0	0	0	0	0	0	0.0072483	0	0
k__Bacteria|p__Actinobacteria|c__Actinobacteria|o__Actinomycetales|f__Microbacteriaceae|g__Curtobacterium	0	0.00156185	0.0003165	0	0	0	0	0.000664	0	0.01167315	0	0	0	0	0	0	0	0	0	0	0	0	0	0	0	0	0	0	0.0030895	0.0032523	0	0	0	0	0	0	0	0.0002299	0	0	0	0	0	0	0.01266645	0	0	0	0.0002821	0	0	0.01456505	0	0.0077105	0	0	0	0	0	0.00142985	0.0097978	0	0.00055805	0	0	0	0.00378725	0	0	0	0.007528	0.0066967	0	0	0	0	0	0	0	0.0017743	0	0	0	0	0	0	0	0	0	0	0	0	0	0	0	0	0	0.0049483	0	0	0	0	0	0	0	0.010346	0	0	0	0.00111985	0	0	0	0.01507975	0	0	0	0	0	0	0	0
k__Bacteria|p__Actinobacteria|c__Actinobacteria|o__Actinomycetales|f__Microbacteriaceae|g__Leifsonia	0	0	0	0	0	0	0	0	0	0	0	0	0	0	0	0	0	0	0	0	0	0	0	0	0	0	0	0	0	0	0	0	0	0	0	0	0	0	0	0	0	0	0	0	0	0	0	0	0	0	0	0	0	0	0	0	0	0	0	0	0	0	0	0	0	0	0.019951	0	0	0	0.0064882	0	0	0	0	0.0566734	0	0	0	0	0	0	0	0	0	0	0	0	0	0	0.0529584	0	0	0	0	0	0	0	0	0	0	0	0	0	0	0	0	0	0	0	0	0	0	0	0	0	0	0	0	0	0	0
k__Bacteria|p__Actinobacteria|c__Actinobacteria|o__Actinomycetales|f__Microbacteriaceae|g__Leucobacter	0	0	0	0	0	0	0	0.00245115	0	0	0	0	0	0	0	0	0	0	0	0	0	0	0	0	0	0	0	0	0	0	0	0	0	0	0	0	0	0	0	0	0	0	0	0	0	0	0	0	0	0	0	0	0	0	0	0	0	0	0	0	0	0	0	0	0	0	0	0	0.03090455	0	0	0	0	0	0	0	0	0	0	0	0	0	0	0	0	0	0	0	0	0	0	0	0	0	0	0	0	0	0	0	0	0	0	0	0	0	0	0	0	0	0	0	0	0	0	0	0	0	0	0	0	0
k__Bacteria|p__Actinobacteria|c__Actinobacteria|o__Actinomycetales|f__Micrococcaceae|g__Acaricomes	0	0	0	0	0	0	0	0	0	0	0	0	0	0	0	0	0	0	0	0	0	0	0	0	0	0	0	0	0	0	0	0	0	0	0	0	0	0	0	0	0	0	0	0	0	0	0	0	0	0	0	0	0	0	0	0	0	0	0	0	0	0	0	0	0	0	0	0	0	0	0	0	0	0	0	0	0	0	0	0	0	0	0	0	0	0	0	0	0.0051216	0	0	0	0	0	0	0	0	0	0	0	0	0	0	0	0	0	0	0	0	0	0	0	0	0	0	0	0	0	0	0	0	0
k__Bacteria|p__Actinobacteria|c__Actinobacteria|o__Actinomycetales|f__Micrococcaceae|g__Arthrobacter	0	0	0	0	0	0	0	0	0	0	0	0	0	0	0	0	0	0	0	0	0	0	0	0	0	0	0	0	0	0	0	0	0	0	0	0	0	0.00011875	0	0	0	0	0	0	0	0	0	0	0	0	0	0	0	0	0	0	0	0	0	0	0	0	0	0	0	0	0	0	0	0	0	0	0	0	0	0	0	0	0	0	0	0	0	0	0	0	0	0	0	0	0	0	0	0	0	0	0	0	0	0	0	0	0	0	0	0	0	0	0	0	0	0	0	0	0	0	0	0	0	0	0	0
k__Bacteria|p__Actinobacteria|c__Actinobacteria|o__Actinomycetales|f__Micrococcaceae|g__Kocuria	0.00218525	0	0.0084923	0	0	0	0.02066265	0.0410023	0	0	0.0092697	0.00651505	0	0	0	0.02182085	0	0.01164755	0	0	0	0	0.0151981	0.11255415	0.0167614	0	0	0	0.00718635	0	0.00436615	0.00749975	0	0	0	0.02995335	0	0.00165095	0.00023855	0	0	0	0	0	0	0.01582965	0	0.0504393	0	0	0	0	0	0.004942	0	0	0	0	0	0	0	0.00405055	0.0042616	0	0	0	0	0	0	0	0	0.01632285	0	0	0.0112631	0	0.00687815	0	0	0	0	0.0021048	0	0.0074102	0	0.0091544	0	0	0.14259875	0	0	0	0	0	0	0.1260237	0	0	0.0278551	0	0	0	0	0.00532935	0.00142845	0	0	0	0	0	0	0.00392535	0	0	0	0.006257	0	0.03198075	0	0.0024606	0	0
k__Bacteria|p__Actinobacteria|c__Actinobacteria|o__Actinomycetales|f__Micrococcaceae|g__Micrococcus	0.0382028	0	0.14417345	0	0.0213478	0	0.04214565	0.05034295	0	0	0.0236823	0.00114865	0	0	0	0.00702965	0	0.0252845	0.01496285	0.0006084	0	0.0172216	0.01710215	0.01094145	0.0980976	0.0113737	0.0396362	0.01331535	0.0566629	0.00822255	0.0006789	0.0507935	0.00303865	0	0	0.00814525	0	0.00713455	0.00091045	0.04504145	0	0.01337775	0	0.00608895	0.0751056	0.0157101	0.00861295	0.0431453	0.00324345	0	0.01003085	0.0089519	0	0.00758925	0	0	0	0	0	0	0	0.08544675	0.0464844	0	0	0	0	0	0	0.0606985	0.00073185	0.00091135	0	0	0.0156373	0	0	0	0	0	0.03899545	0.03164715	0.0236845	0	0.04517545	0.02876185	0	0	0	0.0281624	0	0	0	0	0.01966945	0	0.0058011	0.0015953	0.005115	0.0128382	0	0.00548175	0.0108345	0.01429165	0.0122981	0.0243324	0	0	0	0.006036	0	0.00882545	0	0	0	0.08216805	0	0.0638403	0	0	0	0.00072075
k__Bacteria|p__Actinobacteria|c__Actinobacteria|o__Actinomycetales|f__Micrococcaceae|g__Rothia	0	0	0.05640375	0.00018645	0	0	0	0	0.0127624	0	0	0	0	0	0	0	0	0	0	0	0	0	0	0	0	0	0	0	0	0	0	0	0	0	0	0	0	0.000351	0	0	0	0	0	0	0	0	0	0	0	0	0	0	0	0	0	0	0	0	0	0	0	0.00099975	0	0	0	0	0	0	0	0	0.00477045	0.0064237	0	0.0211886	0	0	0	0	0	0.04193585	0	0.0047779	0.0014423	0	0	0	0	0	0	0	0	0	0	0	0	0	0	0	0	0	0	0	0	0	0	0	0	0	0	0	0	0	0	0	0.0028793	0	0	0	0	0	0	0
k__Bacteria|p__Actinobacteria|c__Actinobacteria|o__Actinomycetales|f__Micromonosporaceae|g__Actinoplanes	0	0	0	0	0	0	0	0	0	0	0	0	0	0	0	0	0	0	0	0	0	0	0	0	0	0	0	0	0	0	0	0	0	0	0	0	0	0	0	0	0	0	0	0	0	0	0	0	0	0	0	0	0	0	0	0	0	0	0	0	0	0	0	0	0	0	0	0	0	0	0	0	0	0	0	0	0	0	0	0	0	0	0	0	0	0	0	0	0	0	0	0	0	0	0	0	0	0.0857758	0	0	0	0	0	0	0	0	0	0	0	0	0	0	0	0	0	0.0269354	0	0	0	0	0	0
k__Bacteria|p__Actinobacteria|c__Actinobacteria|o__Actinomycetales|f__Nocardiaceae|g__Rhodococcus	0	0	0	0	0	0	0	0	0	0	0	0	0	0	0	0	0	0	0	0	0	0	0	0	0	0	0	0	0	0	0	0	0	0	0	0	0	0	0	0	0	0	0	0	0	0	0	0	0	0	0	0	0	0	0	0	0	0	0	0	0	0	0	0	0	0	0	0	0.0050396	0	0	0	0	0	0	0	0	0	0	0	0	0	0	0	0	0	0	0	0	0	0	0	0	0	0	0	0	0	0	0	0	0	0	0	0	0	0	0	0	0	0	0	0	0	0	0	0	0	0	0	0	0
k__Bacteria|p__Actinobacteria|c__Actinobacteria|o__Actinomycetales|f__Nocardioidaceae|g__Nocardioides	0	0	0.00399875	0	0.0063818	0	0	0	0	0	0	0.00802525	0	0	0	0	0	0	0	0	0	0	0	0.00077305	0.00451115	0	0	0.0054198	0.0033375	0	0.0246815	0	0	0	0	0	0	0	0.0002143	0	0	0.00264985	0	0	0.02360615	0	0	0.00571655	0	0	0.0145723	0	0.002566	0	0	0	0	0	0.0056305	0	0	0	0	0	0	0	0	0	0	0	0.0018914	0	0	0	0	0	0	0	0	0	0	0	0	0	0	0	0.03619725	0	0	0	0.01471985	0	0	0	0	0	0	0	0.0143246	0.0236911	0	0	0	0	0	0	0	0	0.01448865	0	0	0	0.00302255	0	0	0	0	0	0.0018577	0	0	0
k__Bacteria|p__Actinobacteria|c__Actinobacteria|o__Actinomycetales|f__Promicromonosporaceae|g__Promicromonosporaceae_unclassified	0	0	0.01707355	0	0	0	0	0	0	0	0	0	0	0	0	0	0	0	0	0	0	0	0	0	0	0	0	0	0	0	0	0	0	0	0	0	0	0	0	0	0	0	0	0	0	0	0	0	0	0	0	0	0	0	0	0	0	0	0	0	0	0	0	0	0	0	0	0	0	0	0	0	0	0	0	0	0	0	0	0	0	0	0	0	0	0	0	0	0	0	0	0	0	0	0	0	0	0	0	0	0	0	0	0	0	0	0	0	0	0	0	0	0	0	0	0	0	0	0	0	0	0
k__Bacteria|p__Actinobacteria|c__Actinobacteria|o__Actinomycetales|f__Propionibacteriaceae|g__Propionibacteriaceae_unclassified	0.02192415	0	0	0.00574725	0.03910105	0	0.2002219	0	0	0.15398175	0.030628	0.0074647	0	0	0.06517525	0	0.1155128	0	0.0616328	0.0068978	0.10201325	0	0	0.01415545	0.0161365	0.0395728	0.0841515	0.00986005	0.0773048	0.13456675	0.0196382	0.0082482	0	0.07202115	0.06858225	0.11654205	0.02005055	0.0125491	3.46e-05	0.04755365	0	0	0.02653095	0	0.1103643	0.00969065	0	0.03353615	0.00012165	0.0097807	0	0.0070281	0	0	0	0	0.0018087	0	0.0004719	0.0278569	0.07162845	0.05379	0.07836205	0	0.01363755	0	0	0.4476822	0.0762444	0	0	0.00644145	0	0.05921485	0.0595245	0	0.1388784	0.16322935	0.3298067	0.0230101	0.0366346	0.0149008	0.0152778	0.0155636	0.043883	0.0453392	0.13036005	0	0.0232964	0.11441875	0.01798765	0.3019323	0.289406	0.0885991	0.0335819	0.18708095	0.0668432	0.1200142	0.00156	0	0	0.04835165	0	0	0.0019671	0	0.0710294	0.04153985	0	0.019308	0.17592625	0.03035985	0	0.0008631	0	0.03081505	0.04099885	0.042702	0.0521083	0.01319475	0	0.0445441
k__Bacteria|p__Actinobacteria|c__Actinobacteria|o__Actinomycetales|f__Propionibacteriaceae|g__Propionibacterium	0.0975504	0.04500475	0.10009275	0.01161475	0.15820825	0.0225275	0.18227805	0.2564567	0.6006187	0.0767682	0.4186649	0.126175	0.00073675	0	0.00147425	0.5138267	0.0435218	0.10625215	0.1820162	0.03149635	0.1771735	0.22659245	0.0955144	0.0503531	0.27846725	0.15512305	0.31637005	0.08676215	0.2468447	0.22147255	0.1082928	0.1613491	0.4183079	0.0842263	0.1277247	0.12439035	0.05867255	0.0667839	0.01347315	0.17199295	0.25840595	0.34188035	0.0553115	0.0141143	0.1161868	0.0785946	0.09688055	0.15258795	0.01147515	0.157033	0.22292045	0.19621675	0.1165672	0.31555955	0	0	0.00659705	0.00637045	0.5467813	0.29058515	0.10098165	0.1484639	0.15367725	0.1882548	0.03646785	0.0812762	0.16245475	0.00552265	0.259084	0.1589634	0.1591647	0.04315365	0.16805755	0.12516785	0.18153245	0.453855	0.17620985	0.4124927	0.13857525	0.0820227	0.1379988	0.04257995	0.42983	0.02158935	0.05866925	0.08375255	0.01057565	0.0228101	0.03016925	0.04220345	0.015403	0.1809471	0.0598137	0.31078075	0.32657895	0.3500546	0.14760825	0.11207245	0.2672542	0.171487	0	0.2694025	0.490037	0.64956745	0.0115501	0.1588187	0.0640427	0.6479707	0.2730621	0.0637536	0.018619	0.0675425	0.1015306	0.0846326	0.1245644	0.167384	0.1093055	0.1006661	0.0096995	0.0386442	0.18127675	0.2520857
k__Bacteria|p__Actinobacteria|c__Actinobacteria|o__Actinomycetales|f__Pseudonocardiaceae|g__Pseudonocardia	0	0	0.14529915	0	0	0	0	0	0	0	0	0	0.0234664	0	0	0	0	0	0	0	0	0	0	0	0	0	0	0	0	0	0	0	0	0	0	0	0	0	0	0	0	0.0355455	0	0	0	0	0	0	0	0	0	0	0	0	0	0	0	0	0	0	0.0177262	0	0	0	0	0	0	0	0	0	0	0	0	0	0	0	0	0	0	0	0	0.02963245	0	0	0	0	0	0.0140539	0.0231535	0	0.2566124	0	0	0	0	0	0	0	0	0	0	0	0	0	0	0	0	0	0	0	0	0	0.0028803	0	0	0	0	0	0	0	0	0
k__Bacteria|p__Actinobacteria|c__Actinobacteria|o__Actinomycetales|f__Pseudonocardiaceae|g__Saccharopolyspora	0	0	0.01755275	0	0	0	0	0	0	0	0	0	0	0	0	0	0	0	0	0	0	0	0	0	0	0	0	0	0	0	0	0	0	0	0	0	0	0	0	0	0	0	0	0.0096702	0	0	0	0	0	0	0	0	0	0	0	0	0	0	0	0	0	0	0	0	0	0	0	0	0	0	0	0	0	0	0	0	0	0	0	0	0	0	0	0	0	0	0	0	0	0	0	0	0	0	0	0	0	0	0	0	0	0	0	0	0	0	0	0	0	0	0	0	0	0	0	0	0	0	0	0	0	0
k__Bacteria|p__Actinobacteria|c__Actinobacteria|o__Bifidobacteriales|f__Bifidobacteriaceae|g__Bifidobacterium	0	0	0	0	0	0	0	0	0	0	0	0	0	0	0	0	0	0	0	0	0	0.008309	0	0	0.004005	0.0019219	0	0	0	0	0	0.00069135	0	0	0	0	0	0.00234265	0	0	0	0	0.00314255	0	0	0	0	0	0.00339305	0	0	0.00064335	0	0	0	0	0.00329105	0	0	0	0	0	0	0	0	0	0	0	0	0	0	0	0	0	0	0	0	0	0	0	0.0014951	0	0.00228515	0	0	0.00701595	0	0	0	0	0	0	0	0	0	0	0	0	0.00360455	0	0	0	0	0	0.11059785	0	0	0	0	0	0	0	0	0	0	0	0	0	0	0	0	0
k__Bacteria|p__Actinobacteria|c__Actinobacteria|o__Bifidobacteriales|f__Bifidobacteriaceae|g__Gardnerella	0.0277899	0	0.0050623	0.0003257	0.0141968	0	0.04815075	0.00347475	0	0	0	0.04196065	0	0	0	0	0	0.01371265	0.01805015	0	0	0.3064357	0	0.0052645	0.08154275	0	0	0.0044115	0.02884135	0.01384275	0.00232085	0.01128535	0	0.03572	0	0.0110934	0	0.0001268	0	0	0	0	0.00541695	0	0	0.009897	0.0339868	0.00251705	0	0	0	0.06867695	0.0324515	0	0	0	0	0	0.0108974	0.0954668	0	0.0367041	0.00021095	0	0	0.0008921	0	0	0.0687151	0	0.00237975	0	0.0032246	0	0	0	0	0.0700906	0.076103	0.0186793	0	0	0	0	0	0.0028217	0	0	0	0	0	0	0	0	0	0	0.01192165	0	0	0.00609605	0	0.02070885	0.0098301	0.0115498	0	0	0.0038983	0	0	0.00027135	0	0	0	0	0.0035597	0	0	0	0	0.00321915	0	0
k__Bacteria|p__Actinobacteria|c__Actinobacteria|o__Coriobacteriales|f__Coriobacteriaceae|g__Atopobium	0.00532595	0	0	0.00815105	0	0	0	0	0	0	0	0	0	0	0	0	0	0	0	0	0	0.0484932	0	0	0	0	0	0	0.00268255	0	0	0	0	0.00556145	0	0	0	0	0	0	0	0	0	0	0	0	0	0	0	0	0	0.01878265	0	0	0	0	0	0	0	0	0	0	0	0	0	0	0	0	0	0	0	0	0	0	0	0	0	0	0.0054816	0	0	0	0	0	0	0	0	0	0	0	0	0	0	0	0	0	0	0	0	0	0	0.0006414	0	0	0	0	0	0	0	0	0	0	0	0	0	0	0	0	0	0	0	0
k__Bacteria|p__Actinobacteria|c__Actinobacteria|o__Coriobacteriales|f__Coriobacteriaceae|g__Collinsella	0	0	0	0	0	0	0	0	0	0	0	0	0	0	0	0	0	0	0	0	0.00533155	0	0	0	0	0.00559665	0	0	0	0	0	0.00081025	0	0	0	0	0	0.0002293	0	0	0	0	0	0	0	0	0	0	0	0	0	0	0	0	0	0	0.0059647	0	0	0	0	0	0	0	0.02230775	0	0	0	0	0	0.0018181	0	0	0	0	0	0	0	0	0	0	0	0	0	0	0.00042395	0.02071225	0	0	0	0	0	0	0	0	0	0	0	0.01275755	0	0	0	0	0	0.0115778	0	0	0	0	0	0	0	0	0	0	0	0.0023887	0	0	0	0	0
k__Bacteria|p__Actinobacteria|c__Actinobacteria|o__Coriobacteriales|f__Coriobacteriaceae|g__Olsenella	0	0	0	0.00194245	0	0	0	0	0	0	0	0	0	0	0	0	0	0	0	0	0	0	0	0	0	0	0	0	0	0	0	0	0	0	0	0	0	0	0	0	0	0	0	0	0	0	0	0	0	0	0	0	0	0	0	0	0	0	0	0	0	0	0	0	0	0	0	0	0	0	0	0	0	0	0	0	0	0	0	0	0	0	0	0	0	0	0	0	0	0	0	0	0	0	0	0	0	0	0	0	0	0	0	0	0	0	0	0	0	0	0	0	0	0	0	0	0	0	0	0	0	0
k__Bacteria|p__Actinobacteria|c__Actinobacteria|o__Coriobacteriales|f__Coriobacteriaceae|g__Slackia	0	0	0	0.00682005	0	0	0	0	0	0	0	0	0	0	0	0	0	0	0	0	0	0	0	0	0	0	0	0	0	0	0	0	0	0	0	0	0	0	0	0	0	0	0	0	0	0	0	0	0	0	0	0	0	0	0	0	0	0	0	0	0	0	0	0	0	0	0	0	0	0	0	0	0	0	0	0	0	0	0	0	0	0	0	0	0	0	0	0	0	0	0	0	0	0	0	0	0	0	0	0	0	0	0	0	0	0	0	0	0	0	0	0	0	0	0	0	0	0	0	0	0	0
k__Bacteria|p__Bacteroidetes|c__Bacteroidia|o__Bacteroidales|f__Bacteroidaceae|g__Bacteroides	0	0	0	0	0	0.0158178	0	0	0	0	0	0	0	0	0	0	0	0	0	0	0.0037535	0	0	0	0.0283503	0	0	0	0.0033283	0	0	0.00040855	0	0	0	0	0	0	0	0	0	0	0.0009116	0	0	0.0019459	0	0.00094125	0.00117915	0	0.0006298	0	0	0.0615762	0	0	0.59592455	0	0	0	0	0	0.0002041	0	0.19038185	0	0	0	0	0	0	0.00297575	0.0131008	0	0	0	0	0	0	0	0	0	0	0.1422683	0	0	0.01315255	0	0	0	0	0	0	0	0	0	0	0	0	0	0	0	0	0	0.0534721	0	0.01003565	0	0	0.04096995	0	0	0	0	0	0	0	0	0	0	0	0
k__Bacteria|p__Bacteroidetes|c__Bacteroidia|o__Bacteroidales|f__Bacteroidales_noname|g__Bacteroidales_noname	0	0	0	0	0	0	0	0	0	0	0	0	0	0	0	0	0	0	0	0	0	0	0	0	0	0	0	0	0	0	0	0	0	0	0	0	0	0	0	0	0	0	0	0	0	0	0	0	0	0	0	0	0	0	0	0	0	0	0	0	0	0	0	0	0	0	0	0	0	0	0	0	0	0	0	0	0	0	0	0	0	0	0	0	0	0	0	0	0	0	0	0	0	0	0	0	0	0	0	0	0	0	0	0	0.009645	0	0	0	0	0	0	0	0	0	0	0	0	0	0	0	0	0
k__Bacteria|p__Bacteroidetes|c__Bacteroidia|o__Bacteroidales|f__Porphyromonadaceae|g__Odoribacter	0	0	0	0	0	0	0	0	0	0	0	0	0	0	0	0	0	0	0	0	0	0	0	0	0	0	0	0	0	0	0	0	0	0	0	0	0	0	0	0	0	0	0	0	0	0	0	0	0	0	0	0	0	0	0	0	0.0020808	0	0	0	0	0	0	0	0	0	0	0	0	0	0	0	0	0	0	0	0	0	0	0	0	0	0	0	0	0	0	0	0	0	0	0	0	0	0	0	0	0	0	0	0	0	0	0	0.0040863	0	0	0	0	0	0	0	0	0	0	0	0	0	0	0	0	0
k__Bacteria|p__Bacteroidetes|c__Bacteroidia|o__Bacteroidales|f__Porphyromonadaceae|g__Parabacteroides	0	0	0	0	0	0	0	0	0	0	0	0	0	0	0	0	0	0	0	0	0	0	0	0	0	0	0	0	0	0	0	0	0	0	0	0	0	0	0	0	0	0	0	0	0	0	0	0	0	0	0	0	0	0	0	0	0.00789835	0	0	0	0	0	0	0	0	0	0	0	0	0	0	0	0	0	0	0	0	0	0	0	0	0	0	0	0	0	0	0	0	0	0	0	0	0	0.0210933	0	0	0	0	0	0	0	0	0	0.00816795	0	0	0	0	0	0	0	0	0	0	0	0	0	0	0	0	0
k__Bacteria|p__Bacteroidetes|c__Bacteroidia|o__Bacteroidales|f__Porphyromonadaceae|g__Porphyromonas	0	0	0.00214585	0.0080906	0	0	0	0	0	0	0	0	0	0	0	0	0	0	0	0	0	0	0	0	0	0	0	0.0041269	0	0	0	0.00259655	0	0	0	0	0	4.82e-05	0	0	0	0	0	0	0	0	0	0	0.0006842	0	0.0004136	0	0	0.0015057	0	0	0.0001535	0	0	0	0	0	0	0	0	0	0	0	0	0	0	0	0	0	0	0	0	0	0	0	0	0.0030802	0	0	0	0.0034326	0	0	0	0.0052449	0	0	0	0	0	0	0.0005421	0	0	0	0	0	0	0	0	0	0	0	0	0	0	0	0	0	0	0	0	0	0	0	0	0
k__Bacteria|p__Bacteroidetes|c__Bacteroidia|o__Bacteroidales|f__Prevotellaceae|g__Alloprevotella	0	0	0	0.18648585	0	0	0	0	0	0	0	0	0	0	0	0	0	0	0	0	0	0	0	0	0	0	0	0	0	0	0	0	0	0	0	0	0	0	0	0	0	0	0	0	0	0	0	0	0	0	0	0	0	0	0	0	0	0	0	0	0	0	0	0	0	0	0	0	0	0	0	0	0	0	0	0	0	0	0	0	0	0	0	0	0	0	0	0	0	0	0	0	0	0	0	0	0	0	0	0	0	0	0	0	0	0	0	0	0	0	0	0	0	0	0	0	0	0	0	0	0	0
k__Bacteria|p__Bacteroidetes|c__Bacteroidia|o__Bacteroidales|f__Prevotellaceae|g__Prevotella	0	0	0.00207365	0.17213075	0	0.44999675	0	0	0	0	0	0	0	0	0	0	0	0	0	0	0	0.00656755	0	0	0	0.03434915	0.001181	0	0	0	0	0.0328451	0	0	0	0	0.01568655	5.64e-05	0	0	0	0	0	0	0	0.00035285	0	0.00903775	0.0004781	0	0.0094383	0	0	0.0080527	0	0	0.0042593	0	0	0.0044957	0.0006366	0.00125725	0.0053179	0.04914345	0.5229773	0	0	0	0	0.0052978	0.0635861	0	0.0884033	0	0	0	0	0	0.017085	0.02885795	0	0	0	0	0	0.00508645	0	0	0	0	0	0	0	0	0.01644715	0.00211825	0	0	0.00172035	0	0	0	0.0008579	0.0015337	0	0	0	0.00068735	0	0.00434665	0	0	0.0079573	0	0	0	0.3202805	0.0066443	0	0.0005841	0	0
k__Bacteria|p__Bacteroidetes|c__Bacteroidia|o__Bacteroidales|f__Rikenellaceae|g__Alistipes	0	0	0	0	0	0	0	0	0	0	0	0	0	0	0	0	0	0	0	0	0	0	0	0	0	0	0	0	0	0	0	0	0	0	0	0	0	0	0	0	0	0	0	0	0	0	0	0	0	0	0	0	0	0	0	0	0.0278799	0	0	0	0	0	0	0	0	0	0	0	0	0	0	0	0	0	0	0	0	0	0	0	0	0	0	0	0	0	0	0	0	0	0	0	0	0	0	0	0	0	0	0	0	0	0	0	0.03653455	0	0	0	0	0	0	0	0	0	0	0	0	0	0	0	0	0
k__Bacteria|p__Bacteroidetes|c__Cytophagia|o__Cytophagales|f__Cytophagaceae|g__Hymenobacter	0.00119935	0	0	0	0.0238121	0	0	0	0	0	0	0.0271525	0	0	0	0	0.00134245	0	0.0201624	0	0	0	0	0	0	0	0	0.0090687	0	0	0.00270915	0	0	0.00480315	0.00445925	0.00361645	0.0141563	0.00032585	0	0	0	0.00055785	0	0	0.01036765	0	0.0040095	0	0.00018005	0	0.0295898	0.00029135	0.0212445	0.00811215	0	0	0	0	0	0.0010984	0.0181653	0	0	0	0	0.0011696	0	0	0	0	0	0	0	0	0	0	0	0.01469495	0	0	0	0	0.0015109	0.0013375	0	0	0.00101575	0	0	0	0	0	0	0	0	0	0	0	0	0	0	0	0	0	0	0	0	0	0	0	0	0	0	0.0005266	0	0	0	0	0	0	0.0203265	0
k__Bacteria|p__Bacteroidetes|c__Flavobacteriia|o__Flavobacteriales|f__Flavobacteriaceae|g__Bergeyella	0	0	0	0	0	0	0	0	0	0.0015662	0	0	0	0	0	0	0	0	0	0	0	0	0	0	0	0	0	0	0	0	0	0	0	0	0	0	0	0	0	0	0.00203015	0	0	0	0	0	0	0	0	0	0	0	0	0	0	0	0	0	0	0	0	0	0	0	0	0	0	0	0	0	0	0	0	0	0	0	0	0	0	0	0	0	0	0	0	0	0	0	0	0	0	0	0	0	0	0	0	0	0	0	0	0	0	0	0	0	0	0	0	0	0	0	0	0	0	0	0	0	0	0	0	0
k__Bacteria|p__Bacteroidetes|c__Flavobacteriia|o__Flavobacteriales|f__Flavobacteriaceae|g__Capnocytophaga	0.00298145	0	0	0	0	0	0	0	0	0	0	0	0	0	0	0	0	0	0	0.020582	0	0	0	0	0	0	0	0	0	0	0	0	0	0	0.0105751	0	0	0	0	0	0	0	0	0	0	0	0	0	0	0	0	0	0	0	0	0	0	0	0	0	0	0	0	0	0	0	0	0	0	0	0	0	0	0	0	0	0	0	0	0	0	0	0	0	0	0	0	0	0	0	0	0.0168873	0	0	0	0	0	0	0	0	0	0.00675825	0.00819815	0	0	0	0	0	0	0.0057398	0	0	0	0	0	0	0	0	0	0	0	0
k__Bacteria|p__Bacteroidetes|c__Flavobacteriia|o__Flavobacteriales|f__Flavobacteriaceae|g__Myroides	0	0	0	0	0	0	0	0	0	0	0	0	0	0	0	0	0	0	0	0	0	0	0	0	0	0	0	0	0	0	0	0	0	0	0	0	0	0	0.0695765	0	0	0	0	0	0	0	0	0	0	0	0	0	0	0	0	0	0	0	0	0	0	0	0	0	0	0	0	0	0	0	0	0	0	0	0	0	0	0	0	0	0	0	0	0	0	0	0	0	0	0	0	0	0	0	0	0	0	0	0	0	0	0	0	0	0	0	0	0	0	0	0	0	0	0	0	0	0	0	0	0	0	0
k__Bacteria|p__Bacteroidetes|c__Flavobacteriia|o__Flavobacteriales|f__Flavobacteriales_noname|g__Candidatus_Sulcia	0	0	0	0	0	0.05036935	0	0	0	0	0	0	0	0	0	0	0	0	0	0	0	0	0	0	0	0	0	0	0	0	0	0	0	0	0	0	0	0	0	0	0	0.34500985	0	0	0	0	0	0	0	0	0	0	0	0	0	0.04979145	0	0	0	0	0	0	0	0	0	0	0	0	0	0	0	0	0	0	0	0	0	0	0	0	0	0	0	0	0	0	0	0.1582311	0	0	0	0	0	0	0	0	0	0	0	0	0	0	0	0	0	0	0	0	0	0	0	0	0	0	0	0	0	0	0	0	0	0
k__Bacteria|p__Bacteroidetes|c__Flavobacteriia|o__Flavobacteriales|f__Flavobacteriales_noname|g__Flavobacteriales_noname	0	0	0	0	0	0	0	0	0	0	0	0	0	0	0	0	0	0	0	0	0	0	0	0.01010485	0	0	0	0	0	0	0	0	0	0	0	0	0	0	0	0	0	0	0	0	0	0	0	0	0	0	0	0	0	0	0	0	0	0	0	0	0	0	0	0	0	0	0	0.00677065	0	0	0	0	0	0	0	0	0	0	0	0	0	0	0	0	0	0	0	0	0	0	0	0	0	0	0	0	0	0	0	0	0	0	0	0	0	0	0	0	0	0	0	0	0	0	0	0	0	0	0	0	0	0
k__Bacteria|p__Bacteroidetes|c__Sphingobacteriia|o__Sphingobacteriales|f__Sphingobacteriaceae|g__Pedobacter	0	0	0	0	0	0	0	0	0	0.09995455	0	0	0	0	0	0	0	0.00723275	0	0.0135737	0	0	0	0.0049071	0	0.0303207	0	0	0.00766245	0	0	0	0	0	0	0	0.36019995	0	0.00112555	0.03127245	0	0.0503645	0	0.1913236	0	0.00433595	0.01282835	0.0318431	0	0	0	0.02058535	0.0466009	0.0471019	0	0	0	0	0	0.04122385	0.06768115	0	0	0	0	0	0.01401595	0	0	0.0300261	0.0109831	0.0327146	0	0	0	0	0	0	0	0.050818	0	0	0.012974	0.01700365	0.14329255	0	0.03202865	0	0.01471145	0	0	0	0	0	0	0	0	0	0	0.0354435	0	0	0	0.01926145	0.0153799	0.08760055	0	0	0	0.05370255	0	0	0	0	0	0	0.0313405	0.03445435	0.02574975	0.05832705	0.08672905	0.006177
k__Bacteria|p__Candidatus_Saccharibacteria|c__Candidatus_Saccharibacteria_noname|o__Candidatus_Saccharibacteria_noname|f__Candidatus_Saccharibacteria_noname|g__Candidatus_Saccharibacteria_noname	0	0	0	0	0	0	0	0	0	0	0	0	0	0	0	0	0	0	0	0	0	0	0	0	0	0	0	0	0	0	0	0	0	0	0	0	0	0	0	0	0	0	0	0	0	0	0	0	0	0	0	0	0	0	0	0	0	0	0	0	0	0	0	0	0	0	0	0	0	0	0	0	0	0	0	0	0	0	0	0	0	0	0	0	0	0	0	0	0	0	0	0.0228432	0	0	0	0	0	0	0	0	0	0	0	0	0	0	0	0	0	0	0	0	0	0	0	0	0	0	0	0	0	0
k__Bacteria|p__Candidatus_Saccharibacteria|c__Candidatus_Saccharibacteria_noname|o__Candidatus_Saccharibacteria_noname|f__Candidatus_Saccharibacteria_noname|g__Candidatus_Saccharibacteria_noname_unclassified	0	0	0	0	0	0	0	0	0	0	0	0	0	0	0	0	0	0	0	0	0	0	0	0	0	0	0	0	0	0	0	0	0	0	0	0	0	0	0	0	0	0	0	0	0	0	0	0	0	0	0	0	0	0	0	0	0	0	0	0	0	0	0	0	0	0	0	0	0	0	0	0	0	0	0	0	0	0	0	0.002349	0	0	0	0	0	0	0	0	0	0	0	0.0258242	0	0	0	0	0	0	0	0	0	0	0.00183665	0	0	0	0	0	0	0	0	0	0	0	0	0	0	0	0	0	0	0
k__Bacteria|p__Cyanobacteria|c__Cyanobacteria_noname|o__Oscillatoriales|f__Oscillatoriales_noname|g__Arthrospira	0	0	0	0	0	0	0	0	0	0	0	0	0	0	0	0	0	0	0	0	0	0	0	0	0	0	0	0	0	0	0	0	0	0	0	0	0	0	0	0	0	0	0	0	0	0	0	0	0	0	0	0	0	0	0	0	0	0	0	0	0	0	0	0	0	0.0415532	0	0	0	0	0	0	0	0	0	0	0	0	0	0	0	0	0	0	0	0	0	0	0	0	0	0	0	0	0	0	0	0	0	0	0	0	0	0	0	0	0	0	0	0	0	0	0	0	0	0	0	0	0	0	0	0
k__Bacteria|p__Cyanobacteria|c__Cyanobacteria_noname|o__Oscillatoriales|f__Oscillatoriales_noname|g__Microcoleus	0	0	0	0	0	0.01865755	0	0	0	0.0247898	0	0.00889695	0	0	0	0	0.02139955	0	0	0	0	0.00300605	0	0.00565445	0	0	0	0.0098509	0	0.0115372	0.0095562	0	0	0	0	0.1779008	0	0	0	0	0	0	0	0	0	0	0.0145333	0	0.0030303	0	0.0072061	0.0301839	0.0234413	0.0590213	0	0	0.00396915	0	0	0	0.01412365	0	0.0080307	0	0	0.00246995	0	0	0.0534242	0.0074468	0.0095871	0.00344455	0	0.00334035	0	0	0.0611364	0	0	0.01053875	0	0	0	0	0	0	0.06445765	0.04279005	0.00849575	0	0	0	0.0247745	0	0	0	0.01487035	0	0	0.09739625	0	0.0033138	0	0	0.001903	0	0	0	0	0	0.06751625	0.0263194	0.0030724	0	0	0.0106196	0	0	0	0	0	0
k__Bacteria|p__Deinococcus_Thermus|c__Deinococci|o__Deinococcales|f__Deinococcaceae|g__Deinococcus	0.0105885	0.05623985	0.00959115	0	0.13097275	0	0.00967845	0.017021	0	0.01680925	0	0.0957068	0	0	0	0	0.02586965	0	0	0	0.01024385	0	0	0.00194655	0.00718365	0	0	0.01190865	0	0	0	0	0	0	0.01265815	0.0159944	0.02210155	0.0048952	0.00125955	0.04346345	0	0	0	0.0042592	0.10256605	0.00948205	0.04392285	0.02726665	0.00120285	0.0117863	0.00871135	0.0306377	0.00634035	0	0	0	0.0010909	0.0082661	0	0.0265923	0.0193564	0.02338035	0.0467439	0	0	0	0.0147661	0	0.02152795	0.02054415	0	0	0.04297845	0.0052055	0	0	0	0.0402559	0	0	0.00463535	0	0.00777965	0.0159088	0	0.00235035	0	0	0.141286	0	0	0	0	0.02601595	0	0	0	0	0.0236371	0	0	0.00400605	0	0	0	0	0.0300051	0	0	0.0063042	0	0.01433555	0.0111041	0.00318105	0.0039963	0.0178171	0	0	0	0.0100971	0.01057155	0
k__Bacteria|p__Deinococcus_Thermus|c__Deinococci|o__Thermales|f__Thermaceae|g__Thermus	0	0	0	0	0	0	0	0	0	0	0	0	0	0	0	0	0	0	0	0	0	0	0	0	0	0	0	0	0	0	0	0	0	0	0	0	0	0	0	0	0	0	0	0	0	0	0	0	0	0	0	0	0	0	0	0	0	0	0	0	0	0	0	0	0	0	0	0	0	0	0	0.00470425	0	0	0	0	0	0	0	0	0	0	0	0	0	0	0	0	0	0	0	0	0	0	0	0	0	0	0	0	0	0	0	0	0	0	0	0	0	0	0	0	0	0	0	0	0	0	0	0	0	0
k__Bacteria|p__Firmicutes|c__Bacilli|o__Bacillales|f__Bacillaceae|g__Lysinibacillus	0	0	0	0	0	0	0	0	0	0	0	0	0	0	0	0	0	0	0	0	0	0	0	0	0	0	0	0	0	0	0	0	0	0	0	0	0	0	0	0	0	0	0	0	0	0	0	0	0	0	0	0	0	0	0	0	0	0	0	0	0	0	0	0	0	0	0	0	0	0	0	0	0	0	0	0	0	0	0	0	0	0	0	0	0	0	0	0	0	0	0	0	0	0	0	0	0	0	0	0	0	0	0	0	0	0.0007388	0	0	0	0	0	0	0	0	0	0	0	0	0	0	0	0
k__Bacteria|p__Firmicutes|c__Bacilli|o__Bacillales|f__Bacillales_noname|g__Exiguobacterium	0	0	0	0	0	0	0	0	0	0	0	0	0	0	0	0	0	0	0	0	0	0	0	0	0	0	0	0	0.0002773	0	0	0	0	0	0	0	0	0.0008759	0	0	0	0	0	0	0.0110047	0	0	0	0	0	0	0	0	0	0	0	0	0	0	0	0	0	0	0	0	0	0	0	0	0	0	0	0	0	0	0	0	0	0	0	0	0	0	0	0	0	0	0	0	0	0	0	0	0	0	0	0	0	0	0	0	0	0	0	0	0	0	0	0	0	0	0	0	0	0	0	0	0	0	0	0	0.0041613
k__Bacteria|p__Firmicutes|c__Bacilli|o__Bacillales|f__Bacillales_noname|g__Gemella	0	0	0.00375775	0	0	0	0	0	0	0	0	0	0	0	0	0	0	0	0	0	0	0	0	0	0	0	0	0	0	0	0	0	0	0	0	0	0	0	0	0	0	0	0	0	0	0	0	0	0	0	0	0	0	0	0	0	0	0	0	0	0	0	0	0	0	0	0	0	0	0	0	0.0034143	0	0	0	0	0	0	0	0.01377825	0	0	0	0	0	0	0	0	0	0	0	0	0	0	0	0	0	0	0	0	0	0	0	0	0	0	0	0	0	0	0	0	0	0	0.0001691	0	0	0	0	0	0	0
k__Bacteria|p__Firmicutes|c__Bacilli|o__Bacillales|f__Staphylococcaceae|g__Salinicoccus	0	0	0	0	0	0	0	0	0	0	0	0	0	0	0	0	0	0	0	0	0	0	0	0	0	0	0	0	0	0	0	0	0	0	0	0	0	0	0	0	0	0	0	0	0	0	0	0	0	0	0	0	0	0	0	0	0	0	0	0	0	0	0	0	0	0	0	0	0	0	0	0	0	0	0	0	0	0	0	0	0	0.09445545	0	0	0	0	0	0	0	0.01114585	0	0	0	0	0	0	0	0	0	0	0	0	0	0	0	0	0	0	0	0	0	0	0	0	0	0	0	0	0	0	0	0
k__Bacteria|p__Firmicutes|c__Bacilli|o__Bacillales|f__Staphylococcaceae|g__Staphylococcus	0.3866016	0	0.08713345	0.01195005	0.0756267	0	0.0034062	0.04336905	0.00527495	0	0	0.00850415	0	0	0	0	0	0	0	0	0.1806482	0.0942445	0.08223445	0.1413247	0.0204107	0	0.0348846	0	0.0491136	0	0.2060758	0.02284165	0.39704625	0.0049407	0.0019371	0.0011165	0	0.00723785	0.00386995	0	0	0.0036154	0.00142445	0	0	0.01752245	0.0035031	0.03951625	9.23e-05	0.2131339	0	0.104716	0.0248157	0.0052568	0.00431235	0	9.175e-05	0	0	0	0	0.11283745	0.00836705	0	0	0.0033706	0.00290775	0	0	0.0098098	0.0408504	0.032474	0.00453425	0	0	0	0.0556911	0.0017271	0.0608339	0.00611895	0.0898758	0.53591215	0.0182938	0	0	0.01858285	0.1637943	0	0	0.54762025	0	0	0	0.0021463	0	0	0.00124275	0	0	0.20071665	0	0.18538705	0.04998025	0	0.0491442	0	0.0771934	0.0192634	0.22964545	0	0	0	0	0	0.12592255	0.2257943	0	0	0	0	0	0.1994571
k__Bacteria|p__Firmicutes|c__Bacilli|o__Lactobacillales|f__Aerococcaceae|g__Aerococcus	0	0	0	0	0	0	0.09502855	0	0	0	0.00055695	0	0	0	0	0	0	0.0016278	0	0	0	0	0	0	0	0	0	0	0	0	0	0	0	0	0	0.0097585	0	0.00021375	0.0026006	0	0	0	0	0	0	0	0	0	0	0	0	0	0	0	0	0	0	0	0	0	0	0.13545555	0	0	0	0	0	0	0	0	0	0	0	0	0	0	0	0	0	0	0	0	0.0033214	0	0	0	0	0	0	0	0	0	0	0	0	0	0	0	0	0.0023217	0	0	0	0	0	0	0	0	0	0.0053332	0	0	0	0	0	0	0	0	0	0	0	0
k__Bacteria|p__Firmicutes|c__Bacilli|o__Lactobacillales|f__Aerococcaceae|g__Facklamia	0	0	0	0	0	0	0	0.00390215	0	0	0	0	0	0	0	0	0	0	0	0	0	0	0	0	0	0	0	0	0.0010834	0.003486	0	0	0	0	0	0	0	0	0	0	0	0	0	0	0	0	0	0	0	0	0	0	0	0.0051544	0	0	0.00042705	0	0	0	0	0	0	0	0	0	0	0	0	0	0	0	0.00296705	0	0	0	0	0	0	0	0	0.00104905	0	0	0	0.00062275	0	0	0	0.0022332	0	0	0	0	0	0	0	0	0	0	0	0	0	0	0	0	0	0	0	0	0	0	0	0	0	0	0	0	0	0	0	0
k__Bacteria|p__Firmicutes|c__Bacilli|o__Lactobacillales|f__Carnobacteriaceae|g__Alloiococcus	0	0	0	0	0	0	0	0	0	0	0	0	0	0	0	0	0	0	0	0	0	0	0	0	0	0	0	0	0	0	0	0	0	0	0	0	0	0	0	0	0	0	0	0	0	0	0	0	0	0.0036007	0	0	0	0	0	0	0	0	0	0	0	0	0	0	0	0	0	0	0	0	0	0	0	0	0	0	0	0	0	0	0	0	0	0	0	0	0	0	0	0	0	0	0	0	0	0	0	0	0	0	0	0	0	0	0	0	0	0	0	0	0	0	0	0	0	0	0	0	0	0	0	0
k__Bacteria|p__Firmicutes|c__Bacilli|o__Lactobacillales|f__Carnobacteriaceae|g__Carnobacterium	0	0	0	0	0	0	0	0	0	0	0	0	0	0	0	0	0	0	0	0	0	0	0	0.0116408	0	0	0	0	0	0	0	0	0	0	0	0	0	0	0	0	0	0	0	0	0	0	0	0	0	0	0	0	0	0	0	0	0	0	0	0	0	0	0	0	0	0	0	0	0	0	0	0	0	0	0	0	0	0	0	0	0	0	0	0	0	0	0	0	0	0	0	0	0	0	0	0	0	0	0	0	0	0	0	0	0	0	0	0	0	0	0	0	0	0	0	0	0	0	0	0	0	0
k__Bacteria|p__Firmicutes|c__Bacilli|o__Lactobacillales|f__Carnobacteriaceae|g__Dolosigranulum	0	0	0	0	0	0	0.0025753	0	0.15713795	0	0	0	0	0	0	0	0	0	0	0	0.01435045	0.00264335	0.03191275	0	0	0	0	0	0	0	0.01734085	0	0	0	0	0	0	0	0	0	0	0	0	0	0	0	0	0	0	0	0	0	0	0	0	0	0	0	0.04612835	0	0	0	0	0.0948575	0	0	0	0	0	0.13093275	0	0	0	0	0	0	0	0	0	0	0	0	0	0	0	0	0	0	0	0.01597795	0	0	0	0	0	0	0	0	0	0	0	0	0	0	0	0	0.1831519	0	0	0	0	0	0	0	0	0	0	0	0	0.019258	0	0
k__Bacteria|p__Firmicutes|c__Bacilli|o__Lactobacillales|f__Carnobacteriaceae|g__Granulicatella	0	0	0	0	0	0	0	0	0	0	0	0	0	0	0	0	0	0	0	0	0	0	0	0	0	0	0	0	0	0	0	0	0	0	0	0	0	0	0	0	0	0	0	0	0	0	0	0	0	0	0	0	0	0	0	0	0	0	0	0	0	0	0	0	0	0	0	0	0	0	0	0	0	0	0	0	0	0	0	0.00404005	0	0.00291525	0	0	0	0	0	0	0	0	0	0	0	0	0	0	0	0	0	0	0	0	0	0	0	0	0	0	0	0	0	0	0	0	0	0	0	0	0	0	0	0
k__Bacteria|p__Firmicutes|c__Bacilli|o__Lactobacillales|f__Enterococcaceae|g__Enterococcus	0	0	0	0	0	0	0	0	0	0	0	0	0	0	0	0	0	0	0	0	0	0	0	0	0	0.0339395	0	0	0	0	0	0	0	0	0	0	0	0	0	0	0	0	0	0.04905485	0	0	0	0	0	0	0	0	0	0	0	0	0	0	0	0	0	0	0	0	0	0	0	0	0	0.0118168	0	0	0	0	0	0	0.00165805	0	0	0	0	0	0	0	0	0	0	0	0	0	0.0803129	0	0	0	0	0	0	0	0	0.204491	0	0	0	0	0	0	0	0	0	0	0	0	0.00758685	0	0	0	0	0	0	0	0	0
k__Bacteria|p__Firmicutes|c__Bacilli|o__Lactobacillales|f__Lactobacillaceae|g__Lactobacillus	0.00706135	0	0.0041145	0.00021435	0.006523	0	0.0219179	0.0015988	0	0	0	0.0815904	0	0	0.00949525	0	0	0	0	0.02242845	0.171827	0.00104695	0	0.1537973	0.03947215	0.00039795	0.0052596	0	0.05433725	0.0505736	0.0420533	0.01786055	0	0.012634	0	0	0	0.0297221	0	0	0	0	0.3595458	0.11128395	0	0.0006871	0.01777795	0	0.00026655	0.05515355	0	0.01151025	0.0773173	0	0	0	0	0	0	0.0004206	0	0.00373585	0.0010529	0	0	0.0272656	0	0	0.12120625	0	0.0801116	0.14653135	0	0.3407038	0	0	0	0.00380085	0	0	0.00954855	0.0083595	0.0011465	0	0	0.001685	0	0	0	0	0	0	0	0	0.31661045	0	0.02208535	0	0	0	0	0.0326722	0.01300685	0.02919945	0	0	0	0.0122395	0	0	0	0	0	0	0.09470615	0	0	0	0	0	0	0
k__Bacteria|p__Firmicutes|c__Bacilli|o__Lactobacillales|f__Lactobacillaceae|g__Pediococcus	0	0	0	0	0	0	0	0	0	0	0	0	0	0	0	0	0	0	0	0	0	0	0	0	0	0	0	0	0	0	0	0	0	0	0	0	0	0	0	0	0	0	0	0	0	0	0.63617955	0	0	0	0	0	0	0	0	0	0	0	0	0	0	0	0	0	0	0	0	0	0	0	0	0	0	0	0	0	0	0	0	0	0	0	0	0	0	0	0	0	0	0	0	0	0	0	0	0	0	0	0	0	0	0	0	0	0.03510035	0	0	0	0	0	0	0	0	0	0	0	0	0	0	0	0	0
k__Bacteria|p__Firmicutes|c__Bacilli|o__Lactobacillales|f__Leuconostocaceae|g__Leuconostoc	0	0	0	0	0	0	0	0	0	0	0.00061505	0.0043687	0	0	0	0	0	0	0	0	0	0	0	0	0	0	0	0	0	0	0	0	0	0.0118597	0	0	0	0	0	0	0	0	0	0	0	0	0	0	0	0	0	0	0	0	0	0	0	0	0	0	0	0	0	0.1723729	0	0	0	0	0	0	0	0	0	0	0	0	0	0	0	0.02822265	0	0	0	0	0	0	0	0	0	0	0	0	0	0	0.02509005	0	0	0	0	0	0	0.00753585	0	0	0	0	0	0	0	0	0	0	0	0	0.00825535	0	0	0	0.01476815	0	0	0
k__Bacteria|p__Firmicutes|c__Bacilli|o__Lactobacillales|f__Leuconostocaceae|g__Weissella	0	0	0	0	0.0013195	0	0	0	0	0	0	0	0	0	0	0	0	0	0	0	0	0	0	0	0	0	0	0	0	0	0	0	0	0.1003856	0	0	0	0	0	0	0	0	0	0	0	0	0	0	0	0	0	0	0	0	0	0	0	0	0	0	0	0	0	0	0	0	0.0031102	0	0	0	0	0	0	0	0	0	0	0	0	0	0	0	0	0	0	0	0	0	0	0	0	0	0	0	0.0119486	0	0	0	0	0	0	0	0	0	0	0	0	0	0	0	0	0	0	0	0	0	0	0	0	0	0	0
k__Bacteria|p__Firmicutes|c__Bacilli|o__Lactobacillales|f__Streptococcaceae|g__Lactococcus	0	0	0.0003803	0	0.00698865	0	0	0.0013463	0.0127093	0	0.01038105	0.01120595	0	0	0	0	0	0	0	0	0	0	0.00334195	0.00027145	0	0	0	0	0	0	0	0.0075666	0	0	0	0.0010001	0	0	0	0	0	0	0	0	0	0	0.00936995	0	0.0738598	0	0	0	0	0	0	0	0	0	0	0	0	0	0	0	0	0.00726765	0	0	0	0	0.0487606	0.2497281	0	0.0117064	0	0	0.0460866	0.01575545	0	0.11165755	0	0	0.0021345	0	0	0	0	0	0.08080565	0	0	0	0	0	0	0	0	0	0	0	0	0.0513411	0	0	0	0	0	0	0	0.0198683	0	0	0.0005252	0	0.0642179	0	0	0	0.0309269	0.02153205	0	0
k__Bacteria|p__Firmicutes|c__Bacilli|o__Lactobacillales|f__Streptococcaceae|g__Streptococcus	0.0003095	0	0.0712489	0.41428825	0.0055072	0	0	0.0011694	0	0.01796435	0.172111	0.0457439	0	0	0.0323884	0.0618327	0	0.0049045	0	0.0077499	0	0	0.007996	0.13568695	0.017869	0	0	0	0	0	0	0.0172783	0	0	0	0	0	0.002255	0	0	0	0.0014328	0	0.0880101	0	0.0009947	0	0	0.0922966	0	0	0	0.00660645	0.00197145	0	0	0	0	0.0163696	0	0.0201986	0.01929665	0	0	0	0.03565265	0	0	0.0508879	0.0019215	0.13475455	0.135283	0	0.1480238	0	0	0.0452468	0	0.0035755	0.13510765	0	0.0214285	0.05438395	0.09636485	0	0	0	0.06293915	0	0	0	0	0	0	0	0	0.1553555	0	0.0008936	0	0	0.0047496	0.00777965	0	0	0	0	0	0	0.11944995	0.1470888	0	0	0	0.01263305	0.00108155	0	0.01900785	0	0.0525938	0	0.00410765
k__Bacteria|p__Firmicutes|c__Clostridia|o__Clostridiales|f__Clostridiaceae|g__Clostridium	0	0	0	0	0	0	0	0	0	0	0	0	0	0	0	0	0	0	0	0	0	0	0	0	0	0	0	0	0	0	0	0	0	0	0	0	0	0	0	0	0	0	0	0	0	0	0	0	0	0	0	0	0	0	0	0	0	0	0	0	0	0	0	0	0	0	0	0	0	0	0	0	0	0	0	0	0	0	0	0	0	0	0	0.0041897	0	0	0	0	0	0	0	0	0	0	0	0	0	0	0	0	0	0	0	0	0.00248955	0	0	0	0	0	0	0	0	0	0	0	0	0	0	0	0	0
k__Bacteria|p__Firmicutes|c__Clostridia|o__Clostridiales|f__Clostridiales_Family_XIII_Incertae_Sedis|g__Clostridiales_Family_XIII_Incertae_Sedis_noname	0	0	0	0.01096685	0	0	0	0	0	0	0	0	0	0	0	0	0	0	0	0	0	0	0	0	0	0	0	0	0	0	0	0	0	0	0	0	0	0	0	0	0	0	0	0	0	0	0	0	0	0	0	0	0	0	0	0	0	0	0	0	0	0	0	0	0	0	0	0	0	0	0	0	0	0	0	0	0	0	0	0	0	0	0	0	0	0	0	0	0	0	0	0	0	0	0	0	0	0	0	0	0	0	0	0	0	0	0	0	0	0	0	0	0	0	0	0	0	0	0	0	0	0
k__Bacteria|p__Firmicutes|c__Clostridia|o__Clostridiales|f__Clostridiales_Family_XIII_Incertae_Sedis|g__Mogibacterium	0	0	0	0.05165245	0	0	0	0	0	0	0	0	0	0	0	0	0	0	0	0	0	0	0	0	0	0	0	0	0	0	0	0	0	0	0	0	0	0	0	0	0	0	0	0	0	0	0	0	0	0	0	0	0	0	0	0	0	0	0	0	0	0	0	0	0	0	0	0	0	0	0	0	0	0	0	0	0	0	0	0	0	0	0	0	0	0	0	0	0	0	0	0	0	0	0	0	0	0	0	0	0	0	0	0	0	0	0	0	0	0	0	0	0	0	0	0	0	0	0	0	0	0
k__Bacteria|p__Firmicutes|c__Clostridia|o__Clostridiales|f__Clostridiales_Family_XI_Incertae_Sedis|g__Anaerococcus	0	0	0.0078311	0	0.001584	0	0	0	0	0	0	0	0	0	0	0	0	0	0	0	0	0	0	0	0.02243275	0	0.0024255	0.00887505	0.0017926	0	0	0.00200605	0	0	0	0.0134463	0	0	0	0	0	0	0	0	0	0.00069295	0	0	0.02379575	0	0	0	0	0	0	0	0	0	0	0	0	0	0.00301155	0	0	0	0	0	0	0	0.01127125	0	0	0	0	0	0	0	0	0	0.0027411	0.01639125	0	0	0	0.0005348	0	0	0	0.00203595	0	0	0	0	0	0	0	0	0	0	0	0	0	0	0	0	0	0	0	0.0015309	0	0	0	0	0	0	0	0	0	0	0	0.0031803
k__Bacteria|p__Firmicutes|c__Clostridia|o__Clostridiales|f__Clostridiales_Family_XI_Incertae_Sedis|g__Finegoldia	0.00071055	0	0.00028205	0	0.01004985	0	0	0.00749635	0	0	0	0	0	0	0	0	0	0.00121105	0	0	0	0	0	0.0011807	0.03334465	0	0.01918545	0.0045885	0.00597185	0.02503615	0	0.00892595	0	0	0	0.00277365	0	0.00328465	0	0	0	0	0.0031037	0	0	0.0042877	0	0.00566925	0.0191435	0	0.0075842	0	0	0.0232233	0	0	5.53e-05	0	0	0	0	0	0.0033617	0	0	0.00044705	0	0	0	0	0.00025535	0	0	0	0	0	0	0	0	0	0	0.0239442	0	0	0	0.00710945	0	0	0	0.00497795	0	0	0	0	0	0	0.00165485	0	0.0005241	0	0	0.0001307	0	0.0219825	0	0.00141005	0	0.00175925	0	0	0	0	0	0	0.0023483	0	0	0	0	0	0	0.00016665
k__Bacteria|p__Firmicutes|c__Clostridia|o__Clostridiales|f__Clostridiales_Family_XI_Incertae_Sedis|g__Parvimonas	0	0	0	0.01107345	0	0	0	0	0	0	0	0	0	0	0	0	0	0	0	0	0	0	0	0	0	0	0	0	0	0	0	0	0	0	0	0	0	0	0	0	0	0	0	0	0	0	0	0	0	0	0	0	0	0	0	0	0	0	0	0	0	0	0	0	0	0	0	0	0	0	0	0	0	0	0	0	0	0	0	0	0	0	0	0	0	0	0	0	0	0	0	0	0	0	0	0	0	0	0	0	0	0	0	0	0	0	0	0	0	0	0	0	0	0	0	0	0	0	0	0	0	0
k__Bacteria|p__Firmicutes|c__Clostridia|o__Clostridiales|f__Eubacteriaceae|g__Eubacterium	0	0	0	0.0227131	0.00352	0	0	0.00611195	0	0	0	0	0	0	0	0	0	0	0	0	0	0	0	0	0.0302969	0.00283225	0.02522565	0	0.01275575	0	0	0.026203	0	0.0037651	0	0	0	0.0004213	5.48e-05	0	0	0	0.03307435	0	0.00175195	0.0107564	0	0.01964245	0	0	0	0	0	0.05635415	0	0	0.13369525	0	0	0	0.0148879	0	0.00623385	0	0	0	0	0	0	0	0	0.0043473	0.0211406	0.0025066	0	0	0	0.0020526	0	0	0.0087952	0	0.00422115	0	0	0.0660153	0	0	0	0.00806025	0	0	0	0.00706055	0	0	0.00177445	0	0	0	0	0.0074057	0.0011732	0.013034	0.05734655	0	0.00741885	0.00299005	0	0	0	0	0	0	0	0	0.0010817	0	0	0	0	0
k__Bacteria|p__Firmicutes|c__Clostridia|o__Clostridiales|f__Lachnospiraceae|g__Blautia	0	0	0	0	0	0	0.01144765	0	0	0	0	0	0	0	0	0	0	0	0	0	0	0	0	0	0.0620856	0	0	0	0.0257035	0	0	0.01354425	0	0	0	0	0	0	0	0	0	0	0	0	0	0	0	0.03090035	0	0	0.0462282	0	0	0	0	0	0.0235827	0.05342285	0	0	0	0	0	0	0.0176907	0	0	0	0	0.0436688	0.0065281	0	0.0913553	0	0	0	0	0	0	0	0	0	0	0.1817284	0.0105176	0.00499595	0.031659	0	0	0	0	0	0	0	0	0	0	0	0.0326301	0	0	0	0	0	0.00217775	0	0.0486013	0	0	0	0	0	0	0	0	0	0.00038655	0	0	0	0.022471	0
k__Bacteria|p__Firmicutes|c__Clostridia|o__Clostridiales|f__Lachnospiraceae|g__Dorea	0	0	0	0.00012425	0	0	0	0	0	0	0	0	0	0	0	0	0	0	0	0	0	0	0	0	0	0	0	0	0	0	0	0.00910025	0	0	0	0	0	0	0	0	0	0	0	0	0	0	0	0	0	0	0	0	0	0	0	0	0.0027328	0	0	0	0	0	0	0	0	0	0	0	0	0	0	0	0	0	0	0	0	0	0	0	0	0	0	0	0	0.00510125	0	0	0	0	0	0	0	0	0	0	0	0	0	0	0	0	0	0	0.0050614	0	0	0	0	0	0	0	0	0	0	0	0	0	0	0	0	0
k__Bacteria|p__Firmicutes|c__Clostridia|o__Clostridiales|f__Lachnospiraceae|g__Lachnoanaerobaculum	0	0	0	0.0012568	0	0	0	0	0	0	0	0	0	0	0	0	0	0	0	0	0	0	0	0	0	0	0	0	0	0	0	0	0	0	0	0	0	0	0	0	0	0	0	0	0	0	0	0	0	0	0	0	0	0	0	0	0	0	0	0	0	0	0	0	0	0	0	0	0	0	0	0	0	0	0	0	0	0	0	0	0	0	0	0	0	0	0	0	0	0	0	0	0	0	0	0	0	0	0	0	0	0	0	0	0	0	0	0	0	0	0	0	0	0	0	0	0	0	0	0	0	0
k__Bacteria|p__Firmicutes|c__Clostridia|o__Clostridiales|f__Lachnospiraceae|g__Lachnospiraceae_noname	0	0	0	0.0004948	0	0	0	0	0	0	0	0	0	0	0	0	0	0	0	0	0	0	0	0	0	0	0	0	0	0	0	0	0	0	0	0	0	0	0	0	0	0	0	0	0	0	0	0	0	0	0	0	0	0	0	0	0.02345485	0	0	0	0	0	0	0	9.66e-05	0	0	0	0	0	0	0	0	0	0	0	0	0	0	0	0	0	0	0.0032677	0	0	0	0	0	0	0	0	0	0	0	0	0	0	0	0	0	0	0	0	0.0089801	0	0	0	0	0	0	0	0	0	0	0	0	0	0	0	0	0
k__Bacteria|p__Firmicutes|c__Clostridia|o__Clostridiales|f__Lachnospiraceae|g__Roseburia	0	0	0	0	0	0	0	0	0	0	0	0	0	0	0	0	0	0	0	0	0	0	0	0	0.0025422	0	0	0	0	0	0	0.0125099	0	0	0	0	0	0	0	0	0	0	0.00232015	0	0	0	0	0.0007442	0	0	0	0	0	0.0087951	0	0	0.00318075	0	0	0	0	0	0.00028385	0	0	0	0	0	0	0	0	0	0	0	0	0	0	0	0	0	0	0	0	0	0	0.0002339	0	0	0	0	0	0	0	0	0	0	0	0	0	0	0	0	0	0	0	0	0	0	0	0	0	0	0	0	0	0	0	0	0	0	0	0
k__Bacteria|p__Firmicutes|c__Clostridia|o__Clostridiales|f__Oscillospiraceae|g__Oscillibacter	0	0	0	0	0	0	0	0	0	0	0	0	0	0	0	0	0	0	0	0	0	0	0	0	0	0	0	0	0	0	0	0	0	0	0	0	0	0	0	0	0	0	0	0	0	0	0	0	0	0	0	0	0	0	0	0	0.003827	0	0	0	0	0	0	0	0	0	0	0	0	0	0	0	0	0	0	0	0	0	0	0	0	0	0	0	0	0	0	0	0	0	0	0	0	0	0	0	0	0	0	0	0	0	0	0	0	0	0	0	0	0	0	0	0	0	0	0	0	0	0	0	0	0
k__Bacteria|p__Firmicutes|c__Clostridia|o__Clostridiales|f__Peptostreptococcaceae|g__Filifactor	0	0	0	0.0005819	0	0	0	0	0	0	0	0	0	0	0	0	0	0	0	0	0	0	0	0	0	0	0	0	0	0	0	0	0	0	0	0	0	0	0	0	0	0	0	0	0	0	0	0	0	0	0	0	0	0	0	0	0	0	0	0	0	0	0	0	0	0	0	0	0	0	0	0	0	0	0	0	0	0	0	0	0	0	0	0	0	0	0	0	0	0	0	0	0	0	0	0	0	0	0	0	0	0	0	0	0	0	0	0	0	0	0	0	0	0	0	0	0	0	0	0	0	0
k__Bacteria|p__Firmicutes|c__Clostridia|o__Clostridiales|f__Peptostreptococcaceae|g__Peptostreptococcaceae_noname	0	0	0	0	0	0	0	0	0	0	0	0	0	0	0	0	0	0	0	0	0	0	0	0	0	0.0030376	0	0	0	0	0	0	0	0	0	0	0	0	0	0	0	0	0	0	0	0	0	0	0	0	0	0	0	0	0	0	0	0	0	0	0	0	0	0	0.01448285	0	0	0	0	0	0	0	0	0	0	0	0	0	0	0	0	0	0	0.02773605	0	0	0	0	0	0	0	0	0	0	0	0	0	0	0	0	0	0	0	0	0	0	0	0	0	0	0	0	0	0	0	0	0	0	0	0	0	0
k__Bacteria|p__Firmicutes|c__Clostridia|o__Clostridiales|f__Ruminococcaceae|g__Anaerotruncus	0	0	0	0	0	0	0	0	0	0	0	0	0	0	0	0	0	0	0	0	0	0	0	0	0	0	0	0	0	0	0	0	0	0	0	0	0	0	0	0	0	0	0	0	0	0	0	0	0	0	0	0	0	0	0	0	0	0	0	0	0	0	0	0	0	0	0	0	0	0	0	0	0	0	0	0	0	0	0	0	0	0	0	0	0	0	0	0	0	0	0	0	0	0	0.03252925	0	0	0	0	0	0	0	0	0	0	0	0	0	0	0	0	0	0	0	0	0	0	0	0	0	0	0
k__Bacteria|p__Firmicutes|c__Clostridia|o__Clostridiales|f__Ruminococcaceae|g__Faecalibacterium	0	0	0.0028458	0	0	0	0	0.00049715	0	0	0	0	0	0	0	0	0	0	0	0	0	0	0	0	0.0184054	0	0	0	0.00305685	0	0	0.01785125	0	0	0	0	0	0	0	0	0	0	0.0256887	0	0	0	0	0.0007571	0.0005503	0	0	0	0	0.01199385	0	0	0.0360334	0	0	0	0.01216335	0	0.00235955	0.001322	0.0027374	0	0	0	0	0	0	0	0	0	0	0	0	0	0	0	0	0	0	0.00114305	0	0	0	0	0	0	0	0	0	0	0	0	0	0	0	0	0	0	0	0.0024825	0.0158086	0	0.0229785	0	0	0	0	0	0	0	0	0	0	0	0	0	0	0
k__Bacteria|p__Firmicutes|c__Clostridia|o__Clostridiales|f__Ruminococcaceae|g__Ruminococcus	0	0	0	0	0	0	0	0.0031424	0	0	0	0	0	0	0	0	0	0	0	0	0	0	0	0	0.004148	0	0	0	0	0	0	0.03708695	0	0	0	0	0	0	0	0	0	0	0.0169369	0	0	0	0	0.000348	0	0	0	0	0	0.0450313	0	0	0.0178787	0	0	0	0.0022451	0	0	0	0	0	0	0	0	0	0	0	0	0	0	0	0	0	0	0	0	0	0	0	0	0.0129518	0	0	0	0	0	0	0	0	0	0	0	0	0	0	0	0	0	0	0.0836577	0	0	0	0	0	0	0	0	0	0	0	0	0	0	0	0	0
k__Bacteria|p__Firmicutes|c__Clostridia|o__Clostridiales|f__Ruminococcaceae|g__Subdoligranulum	0.00924565	0	0.02065675	0.00133835	0	0	0	0	0	0	0	0	0	0	0	0	0	0.0199156	0	0	0	0	0	0	0.08347445	0.02398025	0.00672535	0	0.02105305	0	0.0272901	0.03479845	0	0.01048195	0.00829565	0.0396671	0	0	0	0	0.04247985	0	0.00636955	0.0062454	0.07445855	0.00193825	0	0.0053559	0.0008242	0.00772425	0.0142529	0	0	0.06667775	0	0	0.0037171	0.01186185	0.0472275	0.00435685	0.00559475	0	0.03236225	0	0	0	0	0	0	0.00589975	0	0	0.0281663	0	0	0	0	0.0132531	0.0135575	0	0.00765725	0.00670025	0	0	0	0.01195165	0.01258645	0	0.0460235	0.011649	0	0	0	0.1079824	0	0	0	0	0.0377264	0.0139284	0	0.00430195	0	0.042482	0.36464515	0.01433765	0.1488997	0.0153639	0	0.03397705	0.10748115	0	0	0.0087489	0	0	0	0.14566725	0	0.0033086	0	0
k__Bacteria|p__Firmicutes|c__Erysipelotrichia|o__Erysipelotrichales|f__Erysipelotrichaceae|g__Allobaculum	0	0	0	0	0	0	0	0	0	0	0	0	0	0	0	0	0	0	0	0	0	0	0	0	0	0	0	0	0	0	0	0	0	0	0	0	0	0	0	0	0	0	0	0	0	0	0	0	0	0	0	0	0	0	0	0	0	0	0	0	0	0	0	0	0.0062648	0	0	0	0	0	0	0	0	0	0	0	0	0	0	0	0	0	0	0	0	0	0	0	0	0	0	0	0	0	0	0	0	0	0	0	0	0	0	0	0	0	0	0	0	0	0	0	0	0	0	0	0	0	0	0	0	0
k__Bacteria|p__Firmicutes|c__Erysipelotrichia|o__Erysipelotrichales|f__Erysipelotrichaceae|g__Catenibacterium	0	0	0	0	0	0	0	0	0	0	0	0	0	0	0	0	0	0	0	0	0	0	0	0	0	0.0188668	0	0	0	0	0	0	0	0	0	0	0	0	0	0	0	0	0	0	0	0	0	0	0	0	0	0	0	0	0	0	0	0	0	0	0	0	0	0	0.0265895	0	0	0	0	0	0.0435086	0	0	0	0	0	0	0	0	0	0	0	0	0	0	0	0	0	0	0	0	0	0	0	0	0	0	0	0	0	0	0	0	0	0	0	0	0	0	0	0	0	0	0	0	0	0	0	0	0	0	0
k__Bacteria|p__Firmicutes|c__Erysipelotrichia|o__Erysipelotrichales|f__Erysipelotrichaceae|g__Coprobacillus	0	0	0	0	0	0	0	0	0	0	0	0	0	0	0	0	0	0	0	0	0	0	0	0	0	0	0	0	0	0	0	0	0	0	0	0	0	0	0	0	0	0	0	0	0	0	0	0	0	0	0	0	0	0	0	0	0	0	0	0	0	0	0	0	0	0	0	0	0	0	0	0	0	0	0	0	0	0	0	0	0	0	0	0.00927235	0	0	0	0	0	0	0	0	0	0	0	0	0	0	0	0	0	0	0	0	0	0	0	0	0	0	0	0	0	0	0	0	0	0	0	0	0	0
k__Bacteria|p__Firmicutes|c__Erysipelotrichia|o__Erysipelotrichales|f__Erysipelotrichaceae|g__Eggerthia	0	0	0	0.0069096	0	0	0	0	0	0	0	0	0	0	0	0	0	0	0	0	0	0	0	0	0	0	0	0	0	0	0	0	0	0	0	0	0	0	0	0	0	0	0	0	0	0	0	0	0	0	0	0	0	0	0	0	0	0	0	0	0	0	0	0	0	0	0	0	0	0	0	0	0	0	0	0	0	0	0	0	0	0	0	0	0	0	0	0	0	0	0	0	0	0	0	0	0	0	0	0	0	0	0	0	0	0	0	0	0	0	0	0	0	0	0	0	0	0	0	0	0	0
k__Bacteria|p__Firmicutes|c__Erysipelotrichia|o__Erysipelotrichales|f__Erysipelotrichaceae|g__Erysipelotrichaceae_noname	0	0	0	0	0	0	0	0	0	0	0	0	0	0	0	0	0	0	0	0	0	0	0	0	0	0	0	0	0	0	0	0	0	0	0	0	0	0	0	0	0	0	0	0	0	0	0	0	0	0	0	0	0	0	0	0	0	0	0	0	0	0	0	0	0	0	0	0	0	0	0	0	0	0	0	0	0	0	0	0	0	0	0	0.01607205	0	0	0	0	0	0	0	0	0	0	0	0	0	0	0	0	0	0	0	0	0	0	0	0	0	0	0	0	0	0	0	0	0	0	0	0	0	0
k__Bacteria|p__Firmicutes|c__Erysipelotrichia|o__Erysipelotrichales|f__Erysipelotrichaceae|g__Solobacterium	0	0	0	0.009086	0	0	0	0	0	0	0	0	0	0	0	0	0	0	0	0	0	0	0	0	0	0	0	0	0	0	0	0	0	0	0	0	0	0	0	0	0	0	0	0	0	0	0	0	0	0	0	0	0	0	0	0	0	0	0	0	0	0	0	0	0	0	0	0	0	0	0	0	0	0	0	0	0	0	0	0	0	0	0	0	0	0	0	0	0	0	0	0	0	0	0	0	0	0	0	0	0	0	0	0	0	0	0	0	0	0	0	0	0	0	0	0	0	0	0	0	0	0
k__Bacteria|p__Firmicutes|c__Negativicutes|o__Selenomonadales|f__Veillonellaceae|g__Megamonas	0	0	0	0	0	0.0599221	0.0266751	0	0	0	0	0	0	0	0	0	0	0	0	0	0	0	0	0	0	0.1491383	0	0	0	0	0	0	0	0	0	0	0	0.00737635	0	0	0	0	0	0	0.0046209	0	0	0	0	0	0	0	0	0	0	0	0	0.2111291	0	0	0	0	0	0	0.0577512	0	0	0	0	0	0.1958357	0	0.01968265	0	0	0	0.00805255	0	0	0	0	0	0	0.18648655	0.0627369	0	0.078947	0	0	0	0	0	0	0	0.01877745	0	0	0	0.08858915	0	0	0	0.0081623	0	0	0	0	0	0	0	0	0	0.0059851	0	0	0	0.0231435	0	0	0.00668305	0	0
k__Bacteria|p__Firmicutes|c__Negativicutes|o__Selenomonadales|f__Veillonellaceae|g__Megasphaera	0	0	0	0	0	0	0	0	0	0	0	0	0	0	0	0	0	0	0	0	0	0.00036285	0	0	0	0	0	0	0	0	0	0	0	0	0	0	0	0	0	0	0	0	0	0	0	0	0	0	0	0	0	0	0	0	0	0	0	0	0	0	0	0	0	0	0	0	0	0	0	0	0	0	0	0	0	0	0	0	0	0	0	0	0	0	0	0	0	0	0	0	0	0	0	0	0	0	0	0	0	0	0	0	0	0	0	0	0	0	0	0	0	0	0	0	0	0	0	0	0	0	0	0
k__Bacteria|p__Firmicutes|c__Negativicutes|o__Selenomonadales|f__Veillonellaceae|g__Mitsuokella	0	0	0	0	0	0	0	0	0	0	0	0	0	0	0	0	0	0	0	0	0	0	0	0	0	0	0	0	0	0	0	0	0	0	0	0	0	0	0	0	0	0	0	0	0	0	0	0	0	0	0	0	0	0	0	0	0	0	0	0	0	0	0	0	0	0	0	0	0	0	0	0	0	0	0	0	0	0	0	0	0	0	0	0	0	0	0	0	0	0	0	0	0	0	0	0	0	0	0	0	0	0	0	0	0	0	0	0	0	0	0	0	0.0074862	0	0	0	0	0	0	0	0	0
k__Bacteria|p__Firmicutes|c__Negativicutes|o__Selenomonadales|f__Veillonellaceae|g__Selenomonas	0	0	0	0.0093243	0	0	0	0	0	0	0	0	0	0	0	0	0	0	0	0	0	0	0	0	0	0	0	0	0	0	0	0	0	0	0	0	0	0	0	0	0	0	0	0	0	0	0	0	0	0	0	0	0	0	0	0	0	0	0	0	0	0	0	0	0	0	0	0	0	0	0	0	0	0	0	0	0	0	0	0	0	0	0	0	0	0	0	0	0	0	0	0	0	0	0	0	0	0	0	0	0	0	0	0	0	0	0	0	0	0	0	0	0	0	0	0	0	0	0	0	0	0
k__Bacteria|p__Firmicutes|c__Negativicutes|o__Selenomonadales|f__Veillonellaceae|g__Veillonella	0	0	0.00739085	0.0003662	0	0	0	0	0	0	0	0	0	0	0	0	0	0	0	0	0	0	0	0	0.0003539	0	0	0	0	0	0	0.0004234	0	0	0.1008384	0	0	0.0014155	0	0	0	0	0	0	0	0	0	0	0	0	0	0	0	0	0	0	0	0	0.0019703	0	0	0	0	0	0	0	0	0	0	0	0.01159455	0.00067705	0	0	0	0	0	0	0	0.02871745	0	0.00147575	0.0019851	0	0	0	0	0	0	0	0	0	0	0	0	0	0	0	0	0	0	0.00838055	0.01552645	0	0	0	0	0	0	0	0	0	0	0	0.00431585	0	0	0	0	0	0	0
k__Bacteria|p__Fusobacteria|c__Fusobacteriia|o__Fusobacteriales|f__Fusobacteriaceae|g__Fusobacterium	0	0	0	0.02085385	0	0	0	0	0	0	0	0	0	0	0	0	0	0	0	0	0	0	0	0	0	0	0	0	0	0	0	0	0	0	0	0	0	0	0	0	0	0	0	0	0	0	0	0	0	0	0	0	0	0	0	0	0	0	0	0	0	0	0	0	0	0	0	0	0	0	0	0	0	0	0	0	0	0	0	0	0	0	0	0	0	0	0	0	0	0	0	0	0	0	0	0	0	0	0	0	0	0.00718355	0	0	0	0	0	0	0	0	0	0	0	0	0	0	0	0	0	0	0	0
k__Bacteria|p__Fusobacteria|c__Fusobacteriia|o__Fusobacteriales|f__Leptotrichiaceae|g__Leptotrichia	0	0	0	0	0	0	0	0	0	0	0	0	0	0	0	0	0	0	0	0	0	0	0	0	0	0	0	0	0	0	0	0	0	0	0	0	0	0	0	0	0	0	0	0	0	0	0	0	0	0	0	0	0	0	0	0	0	0	0	0	0	0	0	0	0	0	0	0	0	0	0	0	0	0	0	0	0	0	0	0.00072815	0	0	0	0	0	0	0	0	0	0	0	0	0	0	0	0	0	0	0	0	0	0.0054846	0.0357963	0	0	0	0	0	0	0	0	0	0	0	0	0	0	0	0	0	0	0
k__Bacteria|p__Fusobacteria|c__Fusobacteriia|o__Fusobacteriales|f__Leptotrichiaceae|g__Leptotrichiaceae_unclassified	0	0	0	0	0	0	0	0	0	0	0	0	0	0	0	0	0	0	0	0	0	0	0	0	0	0	0	0	0	0	0	0	0	0	0	0	0	0	0	0	0	0	0	0	0	0	0	0	0	0	0	0	0	0	0	0	0	0	0	0	0	0	0	0	0	0	0	0	0	0	0	0	0	0	0	0	0	0	0	0.00568525	0	0	0	0	0	0	0	0	0	0	0	0	0	0	0	0	0	0	0	0	0	0.00364715	0.0069755	0	0	0	0	0	0	0	0	0	0	0	0	0	0	0	0	0	0	0
k__Bacteria|p__Proteobacteria|c__Alphaproteobacteria|o__Caulobacterales|f__Caulobacteraceae|g__Asticcacaulis	0	0	0	0	0	0	0	0	0	0	0	0	0	0	0	0	0	0	0	0	0	0	0	0	0	0	0	0	0	0	0.02187235	0	0	0	0	0	0	0	0	0	0	0	0	0	0	0	0	0	0	0	0	0	0	0	0	0	0	0	0	0	0.03755995	0	0	0.0409447	0	0	0	0	0	0	0	0	0	0	0	0	0	0	0	0	0	0	0	0	0	0	0	0	0	0	0	0	0	0	0	0	0	0	0	0	0	0	0	0	0	0	0	0	0	0	0	0	0	0	0	0	0	0	0	0	0	0
k__Bacteria|p__Proteobacteria|c__Alphaproteobacteria|o__Caulobacterales|f__Caulobacteraceae|g__Brevundimonas	0	0	0.0047618	0	0	0	0	0.00268145	0	0	0	0	0	0	0	0	0	0	0	0.00432625	0	0	0.00832665	0	0	0.02487795	0	0.0171973	0	0	0	0	0	0	0	0.00351815	0.0105575	0.0011634	0	0	0	0	0	0.0020426	0	0	0	0.01084745	0.0005861	0	0.01728565	0	0	0	0	0	0	0	0	0	0	0	0	0	0	0.00312995	0	0	0	0	0	0.00606785	0	0	0	0	0	0	0	0	0	0	0	0	0.03186015	0	0	0	0	0	0.00776785	0	0	0	0	0	0	0.01048865	0	0	0	0.00267075	0	0	0	0	0	0	0	0	0	0	0	0	0	0	0	0	0	0	0	0
k__Bacteria|p__Proteobacteria|c__Alphaproteobacteria|o__Caulobacterales|f__Caulobacteraceae|g__Caulobacter	0	0	0	0	0	0	0	0.00191605	0	0	0	0	0	0	0	0	0	0	0	0	0.00681985	0	0	0	0	0	0	0.0077164	0	0	0	0	0	0	0	0	0	0	0	0	0	0	0	0	0	0	0	0	0	0	0	0	0.00421725	0	0	0	0	0	0	0.00443815	0.03294595	0	0.00847975	0.04138165	0	0	0	0	0	0	0.0033517	0	0	0	0	0	0	0	0	0	0	0	0	0	0.01798765	0	0	0	0	0	0	0.01306165	0	0.0171424	0	0	0	0.01174155	0.02094505	0	0	0.00335305	0	0	0	0.0204713	0.05499505	0.0085466	0	0.0045073	0	0	0.00244955	0	0.00201955	0	0.0367104	0.0345283	0	0	0.06690095	0
k__Bacteria|p__Proteobacteria|c__Alphaproteobacteria|o__Rhizobiales|f__Bradyrhizobiaceae|g__Rhodopseudomonas	0	0	0	0	0	0	0	0	0	0	0	0	0	0	0	0	0	0	0	0	0	0	0	0	0	0	0	0	0	0	0	0	0	0	0	0	0	0	0	0	0	0	0	0	0	0	0	0	0	0	0	0	0	0	0	0	0	0	0	0	0	0	0	0	0	0	0	0	0	0	0	0	0	0	0	0	0	0	0	0	0	0	0	0	0	0	0	0	0	0	0	0	0	0	0	0	0	0	0	0	0	0	0	0	0	0	0	0	0	0	0	0	0	0	0	0	0	0	0	0	0.0515396	0
k__Bacteria|p__Proteobacteria|c__Alphaproteobacteria|o__Rhizobiales|f__Hyphomicrobiaceae|g__Hyphomicrobiaceae_unclassified	0	0	0	0	0	0	0	0	0	0.02303585	0	0	0	0	0	0	0	0	0	0	0	0	0	0	0	0	0	0	0	0	0	0	0	0	0	0	0	0	0	0	0	0	0	0	0	0	0	0	0	0	0	0	0	0	0	0	0.0022902	0	0	0	0.01494475	0	0	0	0	0	0	0	0	0	0	0	0	0	0	0	0	0	0	0	0	0	0	0	0	0	0	0	0	0	0	0	0	0	0	0	0	0	0	0	0	0	0	0	0	0	0	0	0	0	0.04807385	0	0	0	0	0	0	0.044884	0	0	0	0
k__Bacteria|p__Proteobacteria|c__Alphaproteobacteria|o__Rhizobiales|f__Methylobacteriaceae|g__Methylobacterium	0	0	0	0	0	0	0	0	0	0	0	0	0	0	0	0	0	0	0	0	0	0	0	0	0	0	0	0	0	0	0	0	0	0	0	0	0	0	0	0	0	0	0	0	0	0	0	0	0	0	0	0	0	0	0	0	0	0	0	0	0	0	0	0	0	0	0	0	0.004071	0	0	0	0	0	0	0	0	0	0	0	0	0	0	0	0	0	0	0	0	0	0	0	0	0	0	0	0	0	0	0	0	0	0	0	0	0	0	0	0	0	0	0	0	0	0	0	0	0	0	0	0	0
k__Bacteria|p__Proteobacteria|c__Alphaproteobacteria|o__Rhizobiales|f__Methylocystaceae|g__Methylocystis	0	0	0	0	0	0	0	0	0	0	0	0	0	0	0	0	0	0	0	0	0	0	0	0	0	0	0	0	0	0	0	0	0	0	0	0	0	0	0	0	0	0	0	0	0	0	0	0	0	0	0	0	0	0	0	0	0	0	0	0	0	0.0843427	0	0	0	0	0	0	0	0	0	0	0	0	0	0	0	0	0	0	0	0	0	0	0	0	0	0	0	0	0	0	0	0	0	0	0	0	0	0	0	0	0	0	0	0	0	0	0	0	0	0	0	0	0	0	0	0	0	0	0	0
k__Bacteria|p__Proteobacteria|c__Alphaproteobacteria|o__Rhodobacterales|f__Rhodobacteraceae|g__Paracoccus	0	0	0	0	0	0	0	0.0027159	0	0	0	0	0	0	0	0	0	0	0	0	0	0	0	0	0	0	0	0	0	0	0	0	0	0	0	0	0	0	0	0	0	0	0	0	0	0	0	0	0	0	0	0	0	0	0	0	0	0	0	0	0	0	0	0	0	0	0	0	0	0	0	0	0	0	0	0	0	0	0	0	0	0	0	0	0	0	0	0	0.0099558	0	0	0	0	0	0	0	0	0	0	0	0	0	0	0	0	0	0	0	0	0	0	0	0	0	0	0	0	0	0	0	0	0
k__Bacteria|p__Proteobacteria|c__Alphaproteobacteria|o__Rhodospirillales|f__Acetobacteraceae|g__Acetobacter	0	0	0	0	0	0	0	0	0	0	0.01850755	0	0	0	0	0	0	0	0	0	0	0	0	0	0	0	0	0	0	0	0	0	0	0	0	0	0	0	0	0	0	0	0	0	0	0	0	0	0	0	0	0	0	0	0	0	0	0	0	0	0	0	0	0	0	0	0	0	0	0	0	0	0	0	0	0	0	0	0	0	0	0	0	0	0	0	0	0	0	0	0	0	0	0	0	0	0	0	0	0	0	0	0	0	0	0	0	0	0	0	0	0	0	0	0	0	0	0	0	0	0	0
k__Bacteria|p__Proteobacteria|c__Alphaproteobacteria|o__Rhodospirillales|f__Acetobacteraceae|g__Roseomonas	0	0	0	0	0	0	0	0	0	0	0	0	0	0	0	0	0	0.0020776	0	0	0	0	0	0	0	0	0	0	0	0	0	0	0	0	0	0	0	0	0	0	0	0	0	0.0020821	0	0	0	0	0	0	0	0	0	0	0	0	0	0	0	0	0	0	0	0	0	0	0	0	0	0	0	0.0090881	0	0	0	0	0	0	0	0	0	0	0	0	0	0	0	0	0	0	0	0	0	0	0	0	0	0	0	0	0	0	0	0	0	0	0	0	0	0	0	0	0	0	0	0	0	0	0	0	0	0
k__Bacteria|p__Proteobacteria|c__Alphaproteobacteria|o__Rickettsiales|f__Anaplasmataceae|g__Wolbachia	0.00252445	0.00828245	0	0.00450755	0	0.04637375	0	0.0142608	0.04703815	0	0	0.004968	0	0	0	0.1478418	0	0	0.31409885	0	0	0	0	0.0397406	0.03498685	0	0	0.1882107	0	0	0	0.06232845	0	0.2155392	0.047263	0	0	0	0	0.17611405	0.1427866	0.00810385	0.07089885	0	0	0.0115155	0.01857465	0	0	0.09943545	0.0015257	0.0739124	0.01850915	0	0	0.08407205	0	0	0	0	0.05152165	0	0	0.146301	0.0207065	0	0.03947155	0.40590595	0.0859249	0	0.0057365	0	0	0.16750185	0.5700622	0.0602824	0	0.0038008	0	0.178691	0	0	0	0.07433745	0.01562645	0.00032285	0.00873495	0.0134883	0.02673165	0	0.2117602	0	0.07405435	0.2102336	0	0	0.00567605	0.28888935	0.00973915	0	0	0	0	0.0031275	0	0.37231395	0.2128261	0	0.06831685	0.0079258	0	0.5306226	0.00602755	0	0.0223782	0.03873675	0	0	0	0.00844385	0	0.09522065
k__Bacteria|p__Proteobacteria|c__Alphaproteobacteria|o__Rickettsiales|f__Rickettsiaceae|g__Rickettsia	0	0	0	9.535e-05	0	0.0585604	0	0.00334585	0.1439758	0.0449573	0.0963687	0.03987145	0	0	0	0	0.4738102	0	0.005505	0	0	0	0	0.0155793	0.00467865	0.0177062	0.07981075	0.27382265	0	0	0.00692745	0.00278065	0.0958654	0	0.00204225	0.01664825	0	0	0	0.07002645	0.2266379	0	0.07447965	0	0	0.0070859	0	0	0.00201115	0.00068725	0.0135448	0	0	0.07814895	0	0	0	0.00138415	0	0	0	0	0	0	0.00066135	0.07504125	0	0	0	0	0.05657545	0	0	0	0.00818685	0	0	0.03077135	0	0	0	0	0	0.01594945	0.1434637	0	0	0.08990305	0.1163677	0	0.04103455	0	0	0.12672555	0	0	0	0	0	0	0	0	0	0	0.0161349	0.1101649	0	0	0	0.01061525	0	0.0532885	0.0021755	0	0.00203195	0	0	0	0	0	0	0.0574779
k__Bacteria|p__Proteobacteria|c__Alphaproteobacteria|o__Sphingomonadales|f__Sphingomonadaceae|g__Sphingobium	0	0	0	0	0	0	0	0	0	0	0	0	0	0	0	0	0	0	0	0	0	0	0	0	0	0	0	0	0	0	0	0	0	0	0	0	0	0	0	0	0	0	0	0	0	0	0	0	0	0	0	0	0	0	0	0	0	0	0	0	0.00237955	0	0	0	0	0	0	0	0	0	0	0	0	0	0	0	0	0	0	0	0	0	0	0	0	0	0	0	0	0	0	0	0	0	0	0	0	0	0	0	0	0	0	0	0	0	0	0	0	0	0	0	0	0	0	0	0	0	0	0	0	0
k__Bacteria|p__Proteobacteria|c__Betaproteobacteria|o__Betaproteobacteria_noname|f__Betaproteobacteria_noname|g__Candidatus_Tremblaya	0	0	0	0	0	0	0	0	0	0	0	0	0	0	0	0	0	0	0	0	0	0	0	0	0	0	0	0	0	0	0	0	0	0	0	0	0	0	0	0	0	0	0	0	0	0	0	0	0	0	0	0	0	0	0	0	0	0	0	0	0	0	0	0	0	0	0	0	0	0	0	0	0	0	0	0	0	0	0	0	0	0	0	0	0	0	0	0	0	0	0	0	0	0	0	0	0	0	0	0	0	0	0	0	0	0	0	0	0	0	0	0	0	0	0	0	0	0	0.00340415	0	0	0
k__Bacteria|p__Proteobacteria|c__Betaproteobacteria|o__Burkholderiales|f__Alcaligenaceae|g__Achromobacter	0	0	0	0	0	0	0	0	0	0	0	0	0	0	0	0	0	0	0	0	0	0	0	0	0	0	0	0	0	0	0	0	0	0	0	0	0	0	0.0011921	0	0	0	0	0	0	0	0	0	0	0	0.00352445	0	0	0	0	0	0	0	0	0	0	0	0	0	0	0	0	0	0	0	0	0	0	0	0	0	0	0	0	0	0	0	0	0	0	0.1132221	0	0	0	0	0	0	0	0	0	0	0	0	0	0	0	0	0	0	0	0	0	0	0	0	0	0	0	0	0	0	0	0	0	0	0.09237275	0.05929315
k__Bacteria|p__Proteobacteria|c__Betaproteobacteria|o__Burkholderiales|f__Alcaligenaceae|g__Advenella	0	0	0.0143045	0	0	0	0	0	0	0	0	0	0	0	0	0	0	0	0	0	0	0	0	0	0	0	0	0	0	0	0	0	0	0	0	0	0	0	0	0	0	0	0	0	0	0	0	0	0	0	0	0	0	0	0	0	0	0	0	0	0	0	0	0	0	0	0	0	0	0	0	0	0	0	0	0	0	0	0	0	0	0	0	0	0	0	0	0	0	0	0	0	0	0	0	0	0	0	0	0	0	0	0	0	0	0	0	0	0	0	0	0	0	0	0	0	0	0	0	0	0	0
k__Bacteria|p__Proteobacteria|c__Betaproteobacteria|o__Burkholderiales|f__Alcaligenaceae|g__Alcaligenes	0	0	0	0	0	0	0	0	0	0	0	0.01253285	0	0	0	0	0	0	0	0	0	0	0	0	0	0	0	0	0	0	0	0	0	0	0	0	0	0	0.02022365	0	0	0	0	0	0	0	0	0	0	0	0	0	0	0	0	0	0	0	0	0	0	0	0	0	0	0	0	0	0	0	0	0	0	0	0	0	0	0	0	0	0	0	0	0	0	0	0	0	0	0	0	0	0	0	0	0	0	0	0	0	0	0	0	0	0	0	0	0	0	0	0	0	0	0	0	0	0	0	0	0	0	0
k__Bacteria|p__Proteobacteria|c__Betaproteobacteria|o__Burkholderiales|f__Alcaligenaceae|g__Bordetella	0	0	0	0	0	0	0	0	0	0	0	0	0	0	0	0	0	0	0	0	0	0	0	0	0	0	0	0	0	0	0	0	0	0	0	0	0	0	0	0	0	0	0	0	0	0	0	0	0	0	0	0	0	0	0	0	0	0	0	0	0	0	0	0	0	0	0	0	0	0	0	0	0	0	0	0	0	0	0	0	0	0	0	0	0	0.10070365	0	0	0	0	0	0	0	0	0	0	0	0	0	0	0	0	0	0	0	0	0	0	0	0	0	0	0	0	0	0	0	0	0	0	0.0422908	0.0534854
k__Bacteria|p__Proteobacteria|c__Betaproteobacteria|o__Burkholderiales|f__Alcaligenaceae|g__Oligella	0	0	0	0	0	0	0	0	0	0	0	0	0	0	0	0	0	0	0	0	0	0	0	0	0	0	0	0	0.000913	0	0	0	0	0	0	0	0	0	0	0	0	0	0	0	0	0	0	0	0	0	0	0	0	0	0	0	0	0	0	0	0	0	0	0	0	0	0	0	0	0	0	0	0	0	0	0	0	0	0	0	0	0	0	0	0	0	0	0	0	0	0	0	0	0	0	0	0	0	0	0	0	0	0	0	0	0	0	0	0	0	0	0	0	0	0	0	0	0	0	0	0	0
k__Bacteria|p__Proteobacteria|c__Betaproteobacteria|o__Burkholderiales|f__Alcaligenaceae|g__Pusillimonas	0	0	0	0	0	0	0	0	0	0	0	0	0	0	0	0	0	0	0	0	0	0	0	0	0	0	0	0	0	0	0	0	0	0	0	0	0	0	0	0	0	0	0	0	0	0	0	0	0	0	0	0	0	0	0	0	0	0	0	0	0	0	0	0	0	0	0	0	0	0	0.00524825	0	0	0.0042057	0	0	0	0	0	0	0	0	0	0	0	0	0	0	0	0	0	0	0	0	0	0	0	0	0	0	0	0	0	0	0	0	0	0	0	0	0	0	0	0	0	0	0	0	0	0	0	0
k__Bacteria|p__Proteobacteria|c__Betaproteobacteria|o__Burkholderiales|f__Burkholderiaceae|g__Burkholderia	0	0	0	0	0	0	0	0	0	0	0.0282819	0	0	0	0	0	0	0	0	0	0	0	0	0	0	0	0	0	0	0	0	0	0	0	0.06960395	0	0	0	0	0	0.1174916	0	0	0	0	0	0	0	0	0	0	0	0	0	0	0	0	0	0	0.018278	0	0	0	0	0	0	0	0	0	0	0	0	0	0	0	0.14368205	0	0	0	0.0416392	0	0	0	0	0	0	0	0	0	0	0	0	0	0	0	0	0	0.10750715	0	0	0	0	0	0	0	0	0	0	0.0801263	0	0	0	0	0	0	0	0	0	0.03425725	0	0.0581303	0.01994005
k__Bacteria|p__Proteobacteria|c__Betaproteobacteria|o__Burkholderiales|f__Burkholderiales_noname|g__Burkholderiales_noname	0	0	0	0	0	0	0	0	0	0	0	0	0	0	0	0	0	0	0	0	0	0	0	0	0	0	0	0	0	0	0	0	0	0	0	0	0	0	0	0	0	0	0	0	0	0	0	0	0	0	0	0	0	0	0	0	0.0008643	0	0	0	0	0	0	0	0	0	0	0	0	0	0	0	0	0	0	0	0	0	0	0	0	0	0	0	0	0	0	0	0	0	0	0	0	0	0	0	0	0	0	0	0	0	0	0	0	0	0	0	0	0	0	0	0	0	0	0	0	0	0	0	0	0
k__Bacteria|p__Proteobacteria|c__Betaproteobacteria|o__Burkholderiales|f__Burkholderiales_noname|g__Thiomonas	0	0	0	0	0	0	0.02491105	0.0102268	0	0	0	0	0	0	0	0	0	0	0	0	0	0	0	0	0	0	0	0	0	0	0	0	0	0	0	0	0.0475389	0	0	0	0	0	0	0	0	0	0	0	0	0	0	0	0	0	0	0	0	0	0	0	0	0	0	0.0859606	0	0	0	0	0	0	0	0	0	0	0	0	0	0	0	0	0.00999895	0	0	0	0	0	0	0	0	0	0	0	0	0	0	0	0	0	0	0	0	0	0	0	0	0	0	0.0485324	0	0	0	0	0	0	0	0	0	0	0	0	0	0
k__Bacteria|p__Proteobacteria|c__Betaproteobacteria|o__Burkholderiales|f__Comamonadaceae|g__Comamonas	0	0	0	0	0	0	0	0.00222525	0	0	0	0	0	0	0	0	0	0	0	0	0.04327865	0	0	0.0038881	0	0.00549345	0	0	0	0	0	0	0	0	0	0	0	0	0.00400675	0	0	0	0	0	0	0	0	0.0115609	0.00286975	0	0.05188675	0	0	0	0	0	0	0	0	0	0	0	0.0038603	0	0	0	0	0	0	0	0	0.00165575	0	0	0	0	0	0	0	0	0	0	0.0061869	0	0	0.00631695	0	0	0	0	0	0.0996976	0	0	0	0	0	0	0.01636945	0	0	0	0	0	0	0	0.04204545	0	0	0.005238	0	0	0	0	0	0	0	0	0	0	0	0.0057677
k__Bacteria|p__Proteobacteria|c__Betaproteobacteria|o__Burkholderiales|f__Comamonadaceae|g__Delftia	0	0	0	0	0	0	0	0	0	0	0	0	0	0	0	0	0	0	0	0	0	0	0	0	0	0	0	0	0	0	0	0	0	0	0	0	0	0	0	0	0	0	0	0	0	0	0	0	0	0	0	0	0	0	0	0	0	0	0	0	0.02435235	0	0	0	0	0	0	0	0	0	0	0	0	0	0	0	0	0	0	0	0	0	0	0	0	0	0	0	0	0	0	0	0	0	0	0	0	0	0	0	0	0	0	0	0	0	0	0	0	0	0	0	0	0	0	0	0	0	0	0	0	0
k__Bacteria|p__Proteobacteria|c__Betaproteobacteria|o__Burkholderiales|f__Comamonadaceae|g__Variovorax	0	0	0	0	0	0	0	0	0	0	0	0	0	0	0	0	0	0	0	0	0	0	0	0	0	0	0	0	0	0	0	0	0	0	0	0	0	0	0	0	0	0	0	0	0	0	0	0	0	0	0	0	0	0	0	0	0	0	0	0	0	0	0	0	0	0	0	0	0	0	0	0.0283151	0	0	0	0	0	0	0	0	0	0	0	0	0	0	0	0	0	0	0	0	0	0	0	0	0	0	0	0	0	0	0	0	0	0	0	0	0	0	0	0	0	0	0	0	0	0	0	0	0	0
k__Bacteria|p__Proteobacteria|c__Betaproteobacteria|o__Burkholderiales|f__Oxalobacteraceae|g__Janthinobacterium	0	0	0	0	0	0	0	0.00695065	0	0	0	0	0	0	0	0	0	0	0	0	0	0	0	0.00089725	0	0	0	0	0	0	0	0	0	0	0	0	0	0	0	0	0	0	0	0	0	0	0	0	0	0	0	0	0	0	0	0	0	0	0	0	0.0036342	0	0	0.04465345	0	0	0	0	0	0	0	0	0	0	0	0	0	0	0	0	0	0	0	0	0	0	0	0	0	0	0	0	0	0	0	0	0	0.00931595	0.0113622	0	0	0	0	0	0	0	0	0	0	0	0.01150195	0	0	0	0	0	0	0	0	0	0.00448025	0.0016887
k__Bacteria|p__Proteobacteria|c__Betaproteobacteria|o__Burkholderiales|f__Oxalobacteraceae|g__Massilia	0.00320135	0.00482165	0	0	0.00145305	0.00361715	0	0.00298665	0	0.024245	0	0	0	0	0	0	0.19128995	0.0033293	0.00124655	0.17605435	0	0.00213265	0.0063818	0	0.00699735	0.000626	0	0.04047305	0.0007613	0	0.02310515	0	0	0.0309903	0	0.0079133	0.0596114	0.00026895	0	0	0	0.00754265	0	0.02373085	0.0882212	0	0	0.00428715	0.00034155	0	0.20124625	0.0046947	0.0087642	0.0199808	0	0.0717335	0.00143045	0.014119	0.0037231	0	0.0311626	0.01619725	0	0	0	0.0208734	0.01001595	0	0	0	0.0004891	0.0021044	0	0	0	0	0	0.0019332	0	0.0005195	0	0	0.00602065	0.0014638	0	0	0.02505705	0	0.02237915	0	0.04935505	0.00186235	0	0.00736165	0	0	0	0.00159305	0.05348255	0.0040379	0	0	0	0	0.00336365	0.0183586	0	0	0.01381205	0.00121895	0	0.0013839	0.00634385	0.00278565	0.0002929	0.0024373	0	0	0.00183795	0.0045206	0.01148365	0.0019073
k__Bacteria|p__Proteobacteria|c__Betaproteobacteria|o__Burkholderiales|f__Sutterellaceae|g__Parasutterella	0	0	0	0	0	0	0	0	0	0	0	0	0	0	0	0	0	0	0	0	0	0	0	0	0	0	0	0	0	0	0	0	0	0	0	0	0	0	0	0	0	0	0	0	0	0	0	0	0	0	0	0	0	0	0	0	6.045e-05	0	0	0	0	0	0	0	0	0	0	0	0	0	0	0	0	0	0	0	0	0	0	0	0	0	0	0	0	0	0	0	0	0	0	0	0	0	0	0	0	0	0	0	0	0	0	0	0	0	0	0	0	0	0	0	0	0	0	0	0	0	0	0	0	0
k__Bacteria|p__Proteobacteria|c__Betaproteobacteria|o__Burkholderiales|f__Sutterellaceae|g__Sutterellaceae_unclassified	0	0	0	0	0	0	0	0	0	0	0	0	0	0	0	0	0	0	0	0	0	0	0	0	0	0	0	0	0	0	0	0	0	0	0	0	0	0	0	0	0	0	0	0	0	0	0	0	0	0	0	0	0	0	0	0	0	0	0	0	0	0	0	0	0.00972785	0	0	0	0	0	0	0	0	0	0	0	0	0	0	0	0	0	0	0	0	0	0	0	0	0	0	0	0	0	0	0	0	0	0	0	0	0	0	0	0	0	0	0	0	0	0	0	0	0	0	0	0	0	0	0	0	0
k__Bacteria|p__Proteobacteria|c__Betaproteobacteria|o__Neisseriales|f__Neisseriaceae|g__Chromobacterium	0	0	0	0	0	0	0	0	0	0	0	0	0	0	0	0	0	0	0	0	0	0	0	0	0	0	0	0	0	0	0	0	0	0	0	0	0	0	0	0	0	0	0	0	0	0	0	0	0	0	0	0	0	0	0	0	0	0	0	0.3406233	0	0	0	0	0	0	0	0	0	0	0	0	0	0	0	0	0	0	0	0	0	0	0	0	0	0	0	0	0	0	0	0	0	0	0	0	0	0	0	0	0	0	0	0	0	0	0	0	0	0	0	0	0	0	0	0	0	0	0	0	0	0
k__Bacteria|p__Proteobacteria|c__Betaproteobacteria|o__Neisseriales|f__Neisseriaceae|g__Neisseria	0	0	0.01488955	0	0	0	0	0	0	0	0	0	0	0	0	0	0	0	0	0	0	0	0	0	0	0	0	0	0	0	0	0	0	0	0	0	0	0	0	0	0	0	0	0	0	0	0	0	0	0	0	0	0	0	0	0	0	0	0	0	0	0	0	0	0	0	0	0	0	0	0	0	0	0.00507875	0	0	0	0	0	0	0	0.0033393	0	0	0	0	0	0	0	0	0	0	0	0	0	0	0	0	0	0	0	0	0	0	0	0	0	0	0	0	0	0	0	0	0	0	0	0	0	0	0	0
k__Bacteria|p__Proteobacteria|c__Epsilonproteobacteria|o__Campylobacterales|f__Helicobacteraceae|g__Helicobacter	0	0	0	0	0	0	0	0	0	0	0	0	0	0	0	0	0	0	0	0	0	0	0	0	0	0	0	0	0	0	0	0	0	0	0	0	0	0	0	0	0	0	0	0	0	0	0	0	0	0	0	0	0	0	0	0	0	0.00192585	0	0	0	0	0	0	0	0	0	0	0	0	0	0	0	0	0	0	0	0	0	0	0	0	0	0	0	0	0	0	0	0	0	0	0	0	0	0	0	0	0	0	0	0	0	0	0	0	0	0	0	0	0	0	0	0	0	0	0	0	0	0	0	0
k__Bacteria|p__Proteobacteria|c__Gammaproteobacteria|o__Aeromonadales|f__Aeromonadaceae|g__Aeromonas	0	0	0	0	0	0	0	0	0	0	0	0	0	0	0	0	0	0	0	0	0	0	0	0.0009879	0	0	0	0	0	0	0	0	0	0	0	0	0	0	0	0	0	0	0	0	0	0.6248945	0	0	0	0	0	0	0	0	0	0	0	0	0	0	0	0	0	0	0	0	0	0	0	0	0	0	0	0	0	0	0	0	0	0	0	0	0	0	0	0	0	0	0	0	0	0	0	0	0	0	0	0	0	0	0	0	0	0	0	0	0	0	0	0	0	0	0	0	0	0	0	0	0.0347066	0	0	0
k__Bacteria|p__Proteobacteria|c__Gammaproteobacteria|o__Alteromonadales|f__Shewanellaceae|g__Shewanella	0	0	0	0	0	0	0	0	0	0	0	0	0	0	0	0	0	0	0	0	0	0	0	0	0	0	0	0	0	0	0	0	0	0	0	0	0	0	0	0	0	0	0	0	0	0	0	0	0	0	0	0	0	0	0	0	0	0	0	0	0	0	0.003929	0	0	0	0	0	0	0	0	0	0	0	0	0	0	0	0	0	0	0	0	0	0	0	0	0	0	0	0	0	0	0	0	0	0	0	0	0	0	0	0	0	0	0	0	0	0	0	0	0	0	0	0	0	0	0	0	0	0	0
k__Bacteria|p__Proteobacteria|c__Gammaproteobacteria|o__Enterobacteriales|f__Enterobacteriaceae|g__Buchnera	0	0	0	0	0	0.0336755	0	0	0	0	0	0	0	0	0.13799565	0.06811335	0	0.02154215	0	0	0	0	0	0	0	0	0	0	0	0	0	0	0	0	0	0	0	0.0033117	0	0	0	0	0.0195314	0	0	0	0	0	0	0.21624515	0	0.0723271	0.21796505	0	0	0.28879715	0	0	0	0	0	0	0	0	0.038112	0	0.2952152	0.07559485	0	0	0	0	0	0	0	0	0	0.0302196	0	0	0	0	0	0	0	0	0	0	0	0	0	0	0	0	0	0	0	0	0.0248797	0	0	0	0	0	0	0	0	0	0	0	0	0	0.00413655	0	0	0	0	0	0	0.05972365	0	0
k__Bacteria|p__Proteobacteria|c__Gammaproteobacteria|o__Enterobacteriales|f__Enterobacteriaceae|g__Candidatus_Blochmannia	0	0	0	0	0	0	0	0	0	0	0	0	0	0	0	0	0	0	0	0	0	0	0	0	0	0	0	0	0	0	0	0	0	0	0	0	0	0	0	0	0	0	0	0	0	0	0	0	0	0	0	0	0	0	0	0	0	0	0	0	0	0	0	0	0.0013961	0	0	0	0	0	0	0	0	0	0	0	0	0	0	0	0	0	0	0	0	0	0	0	0	0	0	0	0	0	0	0	0	0	0	0	0	0	0	0	0	0	0	0	0	0	0	0	0	0	0	0	0	0	0	0	0	0
k__Bacteria|p__Proteobacteria|c__Gammaproteobacteria|o__Enterobacteriales|f__Enterobacteriaceae|g__Candidatus_Hamiltonella	0	0	0	0	0	0	0	0	0	0	0	0	0	0	0	0	0	0	0	0	0	0	0	0	0	0	0	0	0	0	0	0	0	0	0	0	0	0	0	0	0	0	0	0	0	0	0	0	0	0	0	0	0	0	0	0.03135975	0	0	0	0	0	0	0	0	0.0009653	0	0	0	0	0	0	0	0	0	0	0	0	0	0	0	0	0	0	0	0	0	0	0	0	0	0	0	0	0	0	0	0	0	0	0	0	0	0	0	0	0	0	0	0	0	0	0.0289577	0	0	0	0	0	0	0	0	0	0
k__Bacteria|p__Proteobacteria|c__Gammaproteobacteria|o__Enterobacteriales|f__Enterobacteriaceae|g__Candidatus_Regiella	0	0	0	0	0	0	0	0	0	0	0	0	0	0	0	0	0	0	0	0	0	0	0	0	0	0	0	0	0	0	0	0	0	0	0	0	0	0	0	0	0	0	0	0	0	0	0	0	0	0	0	0.02221685	0	0	0	0	0	0	0	0	0	0	0	0	0	0	0	0	0	0	0	0	0	0	0	0	0	0	0	0	0	0	0	0	0	0	0	0	0	0	0	0	0	0	0	0	0	0	0	0	0	0	0	0	0	0	0	0	0	0	0	0	0	0	0	0	0	0	0	0	0	0
k__Bacteria|p__Proteobacteria|c__Gammaproteobacteria|o__Enterobacteriales|f__Enterobacteriaceae|g__Citrobacter	0	0	0	0	0	0	0	0	0	0	0	0	0	0	0	0	0	0	0.04445145	0	0	0	0	0.00773145	0	0	0	0	0	0	0	0	0	0	0	0	0	0	0.0155401	0	0	0	0	0	0	0	0	0	0	0	0	0	0	0	0	0	0	0	0	0	0	0	0	0	0	0	0	0	0	0	0	0	0	0	0	0	0	0	0	0	0	0	0.0060217	0	0	0	0	0	0	0	0	0	0	0	0	0	0	0	0	0	0	0	0	0	0	0	0	0	0	0	0	0	0	0	0	0	0	0	0.009678	0	0	0
k__Bacteria|p__Proteobacteria|c__Gammaproteobacteria|o__Enterobacteriales|f__Enterobacteriaceae|g__Enterobacter	0	0.00816075	0	0	0	0	0	0	0	0	0	0.0049712	0	0	0	0	0	0	0	0.02449155	0	0	0	0.0173523	0	0	0	0	0	0	0	0	0	0	0	0	0.0017511	0	0	0	0	0	0	0	0	0	0	0	0	0	0	0.00097165	0	0	0	0	0	0	0	0	0	0	0	0	0	0	0	0	0.00437125	0	0	0	0	0	0	0.06286435	0.1598626	0	0	0	0	0	0.04855395	0.03029785	0	0	0	0	0	0	0.03748085	0	0	0	0	0	0	0	0	0.0098428	0	0	0	0	0	0	0	0	0	0	0	0	0.0049085	0	0	0	0	0	0.4426537	0	0	0
k__Bacteria|p__Proteobacteria|c__Gammaproteobacteria|o__Enterobacteriales|f__Enterobacteriaceae|g__Erwinia	0	0	0	0	0	0	0	0	0	0	0	0	0	0	0	0	0	0	0	0	0	0	0	0	0	0	0	0	0	0	0	0	0	0	0	0	0	0	0	0	0	0	0	0	0	0	0	0	0	0	0	0	0	0	0	0	0	0	0	0	0	0	0	0	0	0	0	0	0	0	0	0.0064744	0	0	0	0	0	0	0	0	0	0	0	0	0.0265943	0	0	0	0	0	0	0	0	0	0	0	0	0	0	0	0	0	0	0	0	0	0	0	0	0	0	0	0	0	0	0	0	0	0	0	0	0
k__Bacteria|p__Proteobacteria|c__Gammaproteobacteria|o__Enterobacteriales|f__Enterobacteriaceae|g__Escherichia	0	0.02659535	0.00831515	0	0	0	0	0.0041102	0	0	0	0	0	0	0	0	0	0.0131729	0.02368755	0	0.0322881	0	0	0.00592615	0.0039829	0.05357295	0	0	0.0104835	0	0.03610135	0.0597743	0	0	0.1784455	0	0	0.0012692	0.00264305	0	0	0	0	0	0.0328331	0	0	0.0559305	0	0.0102182	0.01510475	0.0265616	0	0.03550865	0	0	0	0	0	0	0.13424925	0	0.1159876	0	0	0	0.04550925	0	0	0	0	0	0.3561498	0	0.02205845	0	0	0	0	0	0	0	0	0.00903005	0	0	0	0.02525145	0	0.0074759	0.0463544	0	0.1697557	0.0626522	0	0	0.0429416	0	0	0.10207655	0	0.00347305	0	0	0.00199445	0	0	0.01016225	0	0.05563365	0	0	0.1960887	0	0	0	0	0	0.01924245	0.0043769	0.07082225	0
k__Bacteria|p__Proteobacteria|c__Gammaproteobacteria|o__Enterobacteriales|f__Enterobacteriaceae|g__Hafnia	0	0	0	0	0	0	0	0	0	0	0	0	0	0	0	0	0	0	0	0	0	0	0	0	0	0	0	0	0	0	0	0	0	0	0	0	0	0	0	0	0	0	0	0	0	0	0	0	0	0	0	0	0	0	0	0	0	0	0	0	0	0	0	0	0	0	0	0	0	0	0	0	0	0	0	0	0	0	0	0	0	0	0	0	0	0	0	0	0	0	0	0	0	0	0	0	0	0	0	0	0	0	0	0	0	0	0	0	0	0	0	0	0.1058106	0	0	0	0	0	0	0	0	0
k__Bacteria|p__Proteobacteria|c__Gammaproteobacteria|o__Enterobacteriales|f__Enterobacteriaceae|g__Klebsiella	0	0	0	0	0	0	0	0	0	0	0	0	0	0	0	0	0	0	0	0	0	0	0	0.00123235	0	0	0	0	0	0	0	0	0	0	0	0	0	0	0	0	0	0	0	0	0	0	0	0	0	0	0	0	0	0	0	0	0	0	0	0	0	0	0	0	0	0	0	0	0	0	0	0.00062795	0	0	0	0	0.00414155	0	0	0	0	0	0	0	0	0	0	0	0	0	0	0	0	0	0	0	0	0	0	0	0	0	0	0	0	0	0	0	0	0.00117475	0	0	0	0	0	0	0	0	0.01803655	0	0	0
k__Bacteria|p__Proteobacteria|c__Gammaproteobacteria|o__Enterobacteriales|f__Enterobacteriaceae|g__Morganella	0	0	0	0	0	0	0	0	0	0	0	0	0	0	0	0	0	0	0	0	0	0	0	0	0	0	0	0	0	0	0	0	0	0	0	0	0	0	0.0044969	0	0	0	0	0	0	0	0	0	0	0	0	0	0	0	0	0	0	0	0	0	0	0	0	0	0	0	0	0	0	0	0	0	0	0	0	0	0	0	0	0	0	0	0	0	0	0	0	0	0	0	0	0	0	0	0	0	0	0	0	0	0	0	0	0	0	0	0	0	0	0	0	0	0	0	0	0	0	0	0	0	0	0
k__Bacteria|p__Proteobacteria|c__Gammaproteobacteria|o__Enterobacteriales|f__Enterobacteriaceae|g__Pantoea	0.0191449	0.3519976	0.00703015	0	0.02570975	0	0	0.0186942	0	0.02777785	0	0	0	0	0	0	0.04186315	0	0	0	0	0.0071579	0.1617082	0.00804795	0	0.0120156	0	0	0.0134391	0.02329515	0.19200505	0	0	0.00533295	0	0.01169285	0.09785525	0	0.0020809	0	0.03841605	0.01866665	0.01572795	0	0.0347031	0	0	0.05048095	0.00420425	0	0	0	0.00147515	0	0	0	0	0.0309411	0	0	0	0	0.0085525	0	0	0.23485155	0.0846552	0	0	0.015036	0.01630885	0	0.03110635	0	0	0	0.03599425	0	0	0	0	0	0	0	0	0	0	0	0	0	0.05888965	0	0.10239605	0	0	0	0	0.07143615	0	0.0359377	0	0.03803735	0	0	0.0039327	0	0	0	0	0	0	0	0	0.02675075	0.00667475	0	0.01129095	0	0.0432302	0	0	0
k__Bacteria|p__Proteobacteria|c__Gammaproteobacteria|o__Enterobacteriales|f__Enterobacteriaceae|g__Proteus	0	0	0	0	0	0	0	0	0	0	0	0	0	0	0	0	0	0	0	0	0	0	0	0	0	0	0	0	0	0	0	0	0	0	0	0	0	0	0	0	0	0	0	0	0	0	0	0	0	0	0	0	0	0	0	0	0	0	0	0	0	0	0	0	0	0	0	0	0	0	0	0	0	0	0	0	0	0	0	0	0	0	0	0	0	0	0	0	0	0	0	0	0	0.0109183	0	0	0	0	0	0	0	0	0	0	0	0	0	0	0	0	0	0	0	0	0	0	0	0	0	0	0	0
k__Bacteria|p__Proteobacteria|c__Gammaproteobacteria|o__Enterobacteriales|f__Enterobacteriaceae|g__Providencia	0	0	0	0	0	0	0	0	0	0	0	0	0	0	0	0	0	0	0	0	0	0	0	0	0	0	0	0	0	0	0	0	0	0	0	0	0	0	0.29559695	0	0	0	0	0	0	0	0	0	0	0	0	0	0	0	0	0	0	0	0	0	0	0	0	0	0	0	0	0	0	0	0	0	0	0	0	0	0	0.0473851	0	0	0	0	0	0	0	0	0	0	0	0	0	0	0	0	0	0	0	0	0	0	0	0	0	0	0	0	0	0	0	0	0	0	0	0	0	0	0	0	0	0	0	0
k__Bacteria|p__Proteobacteria|c__Gammaproteobacteria|o__Enterobacteriales|f__Enterobacteriaceae|g__Rahnella	0	0	0	0	0	0	0	0	0	0	0	0	0	0	0	0	0	0	0	0	0	0	0	0	0	0	0	0	0	0	0	0.0059904	0	0	0.005621	0	0	0	0	0	0	0	0	0	0	0	0	0	0	0	0	0	0	0	0	0	0	0	0	0	0	0	0	0	0	0	0	0	0	0	0	0	0	0	0	0	0	0	0	0	0	0	0	0	0	0	0	0	0	0	0	0	0	0	0	0	0	0	0	0	0	0	0	0	0	0	0	0	0	0	0	0	0	0	0.07589785	0	0	0	0	0	0	0
k__Bacteria|p__Proteobacteria|c__Gammaproteobacteria|o__Enterobacteriales|f__Enterobacteriaceae|g__Serratia	0	0	0	0	0	0	0	0	0	0	0	0	0	0	0	0	0	0	0	0	0	0	0	0	0	0	0	0	0	0	0	0	0	0	0	0	0	0	0.0151071	0	0	0	0	0	0	0	0	0	0	0	0.0104629	0	0	0	0	0	0	0	0	0	0.0109738	0	0	0	0	0	0	0	0	0	0	0	0	0	0	0	0	0	0	0	0	0	0.01466395	0	0	0.05834105	0	0	0	0	0	0	0	0	0	0	0	0	0	0	0	0	0	0	0	0	0	0	0	0	0	0	0	0	0	0	0	0	0	0	0.05461125	0.04491835
k__Bacteria|p__Proteobacteria|c__Gammaproteobacteria|o__Oceanospirillales|f__Halomonadaceae|g__Candidatus_Portiera	0	0	0	0	0	0	0	0	0	0	0	0	0	0	0	0	0	0	0	0	0	0	0	0	0	0	0	0	0	0	0	0	0	0	0	0	0	0	0	0	0	0	0	0	0	0	0	0	0	0	0	0	0	0	0	0.23496655	0	0	0	0	0	0	0	0	0	0	0	0	0	0	0	0	0	0	0	0	0	0	0	0	0	0	0	0	0	0	0	0	0	0	0	0	0	0	0	0	0	0	0	0	0	0	0	0	0	0	0	0	0	0	0	0	0	0	0	0	0	0	0	0	0	0
k__Bacteria|p__Proteobacteria|c__Gammaproteobacteria|o__Oceanospirillales|f__Halomonadaceae|g__Halomonas	0	0	0	0	0	0	0	0	0	0	0	0	0.97579685	0	0	0	0	0	0.0785793	0	0	0	0	0	0	0	0	0	0	0	0	0	0	0	0	0	0	0	0	0	0	0	0	0	0	0	0	0	0	0	0	0	0	0	0	0	0	0	0	0	0	0	0	0	0	0	0	0	0	0	0	0	0	0	0	0	0	0	0	0	0	0	0	0	0	0	0	0	0	0	0	0	0	0	0	0	0	0	0	0	0	0	0	0	0	0	0	0	0	0	0	0	0	0	0	0	0	0	0	0	0	0
k__Bacteria|p__Proteobacteria|c__Gammaproteobacteria|o__Pasteurellales|f__Pasteurellaceae|g__Haemophilus	0	0	0.0141829	0.00252925	0	0	0	0	0	0	0	0	0	0	0	0	0	0	0	0	0	0	0	0	0	0	0	0	0	0	0	0	0	0	0	0	0	7.37e-05	0	0	0	0	0	0	0	0	0	0	0	0	0	0	0	0	0	0	0	0	0	0	0	0	0	0	0	0	0	0	0	0	0	0	0	0.01263315	0	0	0	0	0	0.0099944	0	0	0	0	0	0	0	0	0	0	0	0	0	0	0	0	0	0	0	0	0	0	0	0	0	0	0	0	0	0	0	0	0	0	0.0038876	0	0	0	0	0	0	0
k__Bacteria|p__Proteobacteria|c__Gammaproteobacteria|o__Pseudomonadales|f__Moraxellaceae|g__Acinetobacter	0	0	0.02640015	0	0.0976219	0	0.00970955	0.0578245	0	0	0.01430185	0.09933775	0	0	0	0	0	0.0181312	0	0.02899965	0.05655775	0.0023844	0.02401985	0.00403355	0	0.1153821	0	0	0.0311066	0	0.0620912	0.00678845	0	0.01577045	0	0.00935425	0	0.0037514	0.00687095	0.1686213	0	0.00590415	0	0.02322645	0	0.0142486	0	0.02478895	0	0.0116793	0.01297745	0	0	0.0398427	0	0	0.001081	0.00874415	0	0	0	0.051212	0.04988615	0	0	0.09022305	0.0389203	0	0.03965335	0.0089125	0.00632745	0.007669	0	0	0	0	0.03952295	0	0	0	0	0	0.0076431	0	0.0737988	0.00558005	0.08729305	0	0.01337725	0.009194	0	0	0	0	0	0	0.0068519	0	0.04785485	0	0	0.0034848	0	0	0.00354855	0.0125126	0	0	0	0.05058245	0	0	0.1917714	0	0	0.0340524	0	0.02522325	0.01012795	0	0	0
k__Bacteria|p__Proteobacteria|c__Gammaproteobacteria|o__Pseudomonadales|f__Moraxellaceae|g__Enhydrobacter	0.0083722	0	0.03991055	0	0.0320484	0	0.078599	0.12977435	0	0	0.0142341	0.0206884	0	0	0	0	0	0.06588605	0.0135949	0.0225385	0	0.0047123	0.00995445	0.01382645	0.02227845	0.0833399	0.04116875	0.02231685	0.1256978	0	0	0.05350315	0	0	0	0.1136736	0	0.00241295	0.00122915	0.1268775	0	0.01359645	0	0	0.0061142	0.07040335	0	0.04738055	0.0020826	0	0.02101725	0.0089563	0.0015736	0.0018765	0	0	0	0	0	0	0.03695565	0.03165255	0.2430946	0	0	0.01689355	0	0	0	0.03117445	0	0.0706094	0	0	0	0	0	0	0	0.00155535	0.0034912	0.00793605	0.00836125	0.0114228	0.024746	0.03601825	0	0	0.1781062	0	0.05065075	0.0146224	0	0	0	0	0.03663115	0.03935275	0.03688	0	0	0.0070017	0.0059136	0	0.02703645	0.06412435	0	0	0	0.0318902	0	0.01674575	0	0	0.00460795	0.03036965	0.0008553	0	0	0	0	0.0031535
k__Bacteria|p__Proteobacteria|c__Gammaproteobacteria|o__Pseudomonadales|f__Moraxellaceae|g__Moraxella	0	0	0	0	0	0	0	0	0	0	0	0	0	0	0	0	0	0	0	0	0	0	0	0	0	0	0	0	0	0	0	0	0	0	0	0	0	0	0	0	0	0	0	0	0	0	0	0	0	0	0	0	0	0	0	0	0	0	0	0	0	0	0	0	0	0	0	0	0	0	0	0	0	0	0	0	0	0	0	0	0	0	0	0	0	0	0	0	0	0.0048692	0	0	0	0	0	0	0	0	0	0	0	0	0	0	0	0	0	0	0	0	0	0	0	0	0	0	0	0	0	0	0	0
k__Bacteria|p__Proteobacteria|c__Gammaproteobacteria|o__Pseudomonadales|f__Pseudomonadaceae|g__Cellvibrio	0	0	0	0	0	0	0	0	0	0	0	0	0	0	0	0	0	0	0	0	0	0	0	0	0	0	0	0	0	0	0	0	0	0	0	0	0	0	0	0	0	0	0	0	0	0	0	0	0	0	0	0	0	0	0	0	0	0	0	0	0.01816385	0	0	0	0	0	0	0	0	0	0	0	0	0	0	0	0	0	0	0	0	0	0	0	0	0	0	0	0	0	0	0	0	0	0	0	0	0	0	0	0	0	0	0	0	0	0	0	0	0	0	0	0	0	0	0	0	0	0	0	0	0
k__Bacteria|p__Proteobacteria|c__Gammaproteobacteria|o__Pseudomonadales|f__Pseudomonadaceae|g__Pseudomonas	0.0770027	0.4060028	0	0.00125175	0.2205649	0.1300662	0.0301398	0.07043295	0	0.2276266	0.03217405	0.1580495	0	0	0.4679798	0	0.0805612	0.123101	0.1300416	0.51068185	0.14853735	0.0768201	0.3565423	0.18551965	0	0.07848595	0.2530447	0.037085	0.0893812	0	0.18740195	0.02714005	0.0481361	0.1247446	0.22450985	0.07739905	0.27471585	0.0102088	0.46274805	0.06767525	0.13755245	0.05276455	0.16742995	0.16479765	0.1941095	0.0423943	0.04790955	0.2319826	0.0269029	0.1702772	0.23030815	0.1361548	0	0.0329019	0	0.23927945	0.01086845	0.0869882	0.04272255	0.0207029	0.0602781	0.1228852	0.06177285	0.13480795	0.01277355	0.27244455	0.2388248	0	0	0.09201135	0.0360918	0.0453857	0	0	0.119819	0.2226429	0.04492865	0.06297595	0.0347215	0.0396746	0	0	0.1070417	0.0513179	0.23618765	0.20446165	0.24608455	0.1258959	0.0933552	0.0285001	0.05347115	0.16402685	0.27979975	0	0.12080365	0.23447005	0.13682705	0.1217699	0.1056589	0.06618485	0	0.04434135	0	0.11891625	0.0177395	0.02914575	0	0.1430697	0.0907565	0.1802047	0.33969105	0.0272199	0.32326055	0	0.03135565	0.150948	0.10598935	0	0.05396065	0.27377495	0.09876345	0.09823595
k__Bacteria|p__Proteobacteria|c__Gammaproteobacteria|o__Xanthomonadales|f__Xanthomonadaceae|g__Rhodanobacter	0	0	0	0	0	0	0	0	0	0	0	0	0	0	0	0	0	0	0	0	0	0	0	0	0	0	0	0	0	0	0	0	0	0	0	0	0	0	0	0	0	0	0	0	0	0	0	0	0	0	0	0	0	0	0	0	0.00018375	0	0	0	0	0	0	0	0	0	0	0	0	0	0	0	0	0	0	0	0	0	0	0	0	0	0	0	0	0	0	0	0	0	0	0	0	0	0	0	0	0	0	0	0	0	0	0	0	0	0	0	0	0	0	0	0	0	0	0	0	0	0	0	0	0
k__Bacteria|p__Proteobacteria|c__Gammaproteobacteria|o__Xanthomonadales|f__Xanthomonadaceae|g__Stenotrophomonas	0	0.09133305	0	0	0.0046889	0.0616179	0	0.0336168	0	0	0	0.00669715	0	0	0	0	0	0	0.002031	0	0.00332515	0	0	0.00410935	0	0.0078391	0	0	0	0	0	0	0	0	0	0	0	0	0.0077416	0	0	0	0	0	0	0	0	0.0432413	0	0	0.0080349	0	0	0	0	0	0	0	0	0	0.0216681	0.0485624	0	0	0.0011845	0	0.0263948	0	0	0	0	0.0075252	0	0	0	0	0	0	0	0	0	0	0.04616365	0	0	0.0462247	0	0	0	0	0	0	0	0	0	0	0	0	0	0	0	0.00746395	0	0	0	0	0	0	0	0.01640785	0	0	0	0	0	0	0	0	0	0	0.02955295	0.02727375
k__Bacteria|p__Proteobacteria|c__Gammaproteobacteria|o__Xanthomonadales|f__Xanthomonadaceae|g__Xanthomonas	0	0	0	0	0	0	0	0.0179952	0	0	0	0	0	0	0	0	0	0	0	0	0	0	0	0	0	0	0	0	0	0	0	0	0	0	0	0	0	0	0	0	0	0	0	0	0	0	0	0	0	0	0	0	0	0	0	0	0	0	0	0	0	0	0	0	0	0	0	0	0	0	0	0	0	0	0	0	0	0	0	0	0	0	0	0	0	0	0	0	0	0	0	0	0	0	0	0	0	0	0	0	0	0	0	0	0	0	0	0	0	0	0	0	0	0	0	0	0	0	0	0	0	0
k__Bacteria|p__Spirochaetes|c__Spirochaetia|o__Spirochaetales|f__Spirochaetaceae|g__Treponema	0	0	0	0.0168618	0	0	0	0	0	0	0	0	0	0	0	0	0	0	0	0	0	0	0	0	0	0	0	0	0	0	0	0	0	0	0	0	0	0	0	0	0	0	0	0	0	0	0	0	0	0	0	0	0	0	0	0	0	0	0	0	0	0	0	0	0	0	0	0	0	0	0	0	0	0	0	0	0	0	0	0	0	0	0	0	0	0	0	0	0	0	0	0	0	0	0	0	0	0	0	0	0	0	0	0	0	0	0	0	0	0	0	0	0	0	0	0	0	0	0	0	0	0
k__Bacteria|p__Verrucomicrobia|c__Verrucomicrobiae|o__Verrucomicrobiales|f__Verrucomicrobiaceae|g__Akkermansia	0	0	0	0	0	0	0	0	0	0	0	0	0	0	0	0	0	0	0	0	0	0	0	0	0	0	0	0	0	0	0	0	0	0	0	0	0	0	0	0	0	0	0	0	0	0	0	0	0	0	0	0	0	0.00087145	0	0	0	0	0	0	0	0	0	0	0	0	0	0	0	0	0	0	0	0	0	0	0	0	0	0	0	0	0	0	0	0	0	0	0	0	0	0	0	0	0	0	0	0	0	0	0	0	0	0	0.0008138	0	0	0	0	0	0	0	0	0	0	0	0	0	0	0	0	0
k__Eukaryota|p__Ascomycota|c__Eurotiomycetes|o__Eurotiales|f__Aspergillaceae|g__Aspergillaceae_unclassified	0	0	0	0	0	0	0	0	0	0	0	0	0	0	0	0	0	0	0	0	0	0	0	0	0	0	0	0	0	0	0	0	0	0	0	0	0	0	0	0	0	0	0.0082074	0	0	0	0	0	0	0	0	0	0	0	0	0	0	0	0	0	0	0	0	0	0	0	0	0	0	0	0	0	0	0	0	0	0	0	0	0	0	0.0032204	0	0	0	0	0	0.010352	0	0	0	0	0	0	0	0	0	0	0	0	0	0	0	0	0	0	0.02287865	0	0	0	0	0	0	0	0	0	0	0	0	0	0	0
k__Eukaryota|p__Ascomycota|c__Eurotiomycetes|o__Eurotiales|f__Aspergillaceae|g__Penicillium	0	0	0	0	0	0	0	0	0	0.17728235	0	0.02132205	0	0	0	0	0	0	0	0	0	0	0	0	0	0	0	0	0	0	0	0	0	0	0	0	0	0	0	0	0	0	0	0	0	0	0	0	0	0	0	0	0	0	0	0	0	0	0	0	0	0	0	0	0	0	0	0	0	0	0	0	0	0	0	0	0	0	0	0	0	0	0	0	0	0	0	0	0.0029958	0	0	0	0	0	0	0	0	0	0	0	0	0	0	0	0	0	0	0	0	0	0	0	0	0	0	0	0	0	0	0	0	0
k__Eukaryota|p__Ascomycota|c__Saccharomycetes|o__Saccharomycetales|f__Saccharomycetaceae|g__Saccharomyces	0	0	0	0	0	0	0	0	0	0	0	0	0	0	0	0	0	0	0	0	0	0	0	0	0	0	0	0	0	0	0	0	0	0	0	0	0	0	0	0	0	0	0	0	0	0	0	0	0	0	0	0	0	0	0	0	0	0	0	0	0	0	0	0	0	0	0	0	0	0	0	0	0	0	0	0	0	0	0	0	0	0	0	0	0	0	0	0	0	0	0	0	0	0	0	0	0	0	0	0	0	0	0	0	0	0	0	0	0	0	0	0	0.00026965	0	0	0	0	0	0	0	0	0
k__Viruses|p__Viruses_noname|c__Viruses_noname|o__Caudovirales|f__Caudovirales_noname|g__Caudovirales_noname	0	0	0	0	0	0	0	0	0	0	0	0	0	0	0	0	0	0	0	0	0	0	0	0	0	0	0	0	0	0	0	0	0	0	0	0	0	0	0.05443075	0	0	0	0	0	0	0	0	0	0	0	0	0	0	0	0	0	0	0	0	0	0	0	0	0	0	0	0	0	0	0	0	0	0	0	0	0	0	0	0	0	0	0	0	0	0	0	0	0	0	0	0	0	0	0	0	0	0	0	0	0	0	0	0	0	0	0	0	0	0	0	0	0	0	0	0	0	0	0	0	0	0	0
k__Viruses|p__Viruses_noname|c__Viruses_noname|o__Caudovirales|f__Myoviridae|g__Felixounalikevirus	0	0	0	0	0	0	0	0	0	0	0.0209199	0	0	0	0	0	0	0	0	0	0	0	0	0	0	0	0	0	0	0	0	0	0	0	0	0	0	0	0	0	0	0	0	0	0	0	0	0	0	0	0	0	0	0	0	0	0	0	0	0	0	0	0	0	0	0	0	0	0	0	0	0	0	0	0	0	0	0	0	0	0	0	0	0	0	0	0	0	0	0	0	0	0	0	0	0	0	0	0	0	0	0	0	0	0	0	0	0	0	0	0	0	0	0	0	0	0	0	0	0	0	0
k__Viruses|p__Viruses_noname|c__Viruses_noname|o__Caudovirales|f__Myoviridae|g__I3likevirus	0	0	0	0	0	0	0	0	0	0	0	0	0	0	0	0	0	0	0	0	0	0	0	0	0	0	0	0	0	0	0	0	0	0	0	0	0	0	0	0	0	0	0	0	0	0	0	0	0	0	0	0	0	0	0	0	0	0	0	0	0	0	0	0	0	0	0	0	0	0	0	0	0	0	0	0	0	0	0	0	0	0	0	0	0	0	0	0	0	0	0	0	0	0	0	0	0	0	0	0	0	0	0	0	0	0.0233499	0	0	0	0	0	0	0	0	0	0	0	0	0	0	0	0
k__Viruses|p__Viruses_noname|c__Viruses_noname|o__Caudovirales|f__Myoviridae|g__Mulikevirus	0	0	0	0	0	0	0	0	0	0	0	0	0	0	0	0	0	0	0	0	0	0	0	0	0	0	0	0	0	0	0	0	0	0	0.07682055	0	0	0	0	0	0	0	0	0	0	0	0	0	0	0	0	0	0	0	0	0	0	0	0	0	0	0	0	0	0	0	0	0	0	0	0	0	0	0	0	0	0	0	0	0	0	0	0	0	0	0	0	0	0	0	0	0	0	0	0	0	0	0	0	0	0	0	0	0	0	0	0	0	0	0	0	0	0	0	0	0	0	0	0	0	0	0
k__Viruses|p__Viruses_noname|c__Viruses_noname|o__Caudovirales|f__Podoviridae|g__Epsilon15likevirus	0	0	0	0	0	0	0	0	0	0	0	0	0	0	0	0	0	0	0	0	0	0	0	0	0	0	0	0	0	0	0	0.00926395	0	0	0	0	0	0	0	0	0	0	0	0	0	0	0	0	0	0	0	0	0	0	0	0	0	0	0	0	0	0	0	0	0	0	0	0	0	0	0	0	0	0	0	0	0	0	0	0	0	0	0	0	0	0	0	0	0	0	0	0	0	0	0	0	0	0	0	0	0	0	0	0	0	0	0	0	0	0	0	0	0	0	0	0	0	0	0	0	0	0
k__Viruses|p__Viruses_noname|c__Viruses_noname|o__Caudovirales|f__Siphoviridae|g__C2likevirus	0.004374	0	0.00382095	0	0.06768955	0	0.0800463	0.02708015	0.0204827	0.01041175	0.07412185	0.07406315	0	0	0	0.0647028	0	0.1771152	0.03480745	0.00756225	0.0179448	0.00260575	0.0049473	0.0232871	0.00563535	0.0887522	0.0282139	0.1586477	0.00631705	0.0122169	0	0.0133757	0.0047872	0.1956398	0.01176085	0.0963267	0.01710255	0.01196435	0.004291	0.0513615	0.03419945	0.01160955	0	0.25502585	0.01816385	0.01276505	0.00238235	0.0334868	0.4168223	0.0096338	0.01752725	0.01130075	0	0	0	0	0.000743	0	0.0042488	0.1018888	0.06065435	0	0.01215675	0	0.0006257	0	0	0	0.08040345	0.289893	0.011893	0.04855915	0.04581	0.01842725	0.01191615	0	0.06027965	0	0	0.00777065	0.00287115	0.0033424	0.01064545	0.00563675	0.05223285	0.0041922	0	0.3818572	0.0031808	0.005505	0	0.0163127	0	0.0223813	0.0040047	0.04505555	0.32264405	0.0134994	0.01145355	0.01165025	0	0.0160971	0.04004195	0.05803665	0.005324	0.0028986	0	0.0245341	0	0.1663358	0.08410175	0.19047355	0	0.00620175	0.02575065	0.0107109	0	0.428385	0.00150755	0.3784194	0.0244073	0.0069638
k__Viruses|p__Viruses_noname|c__Viruses_noname|o__Caudovirales|f__Siphoviridae|g__Siphoviridae_noname	0	0	0	0	0	0	0	0	0	0	0	0	0	0	0.26549385	0	0	0	0	0	0	0	0	0	0	0	0	0	0	0	0	0	0	0	0	0	0	0.03535365	0	0	0	0	0	0	0	0	0	0	0.3001813	0	0	0	0	0	0.89218725	0	0	0.0730564	0	0	0	0	0	0	0	0.06091715	0	0	0	0	0	0	0	0	0	0	0	0	0.32026005	0	0	0	0.1068113	0	0	0	0	0.0524278	0	0	0	0	0	0	0	0	0	0	0	0	0	0	0	0	0	0	0	0	0	0.08655405	0	0	0	0	0	0	0.2496963	0	0	0	0	0
k__Viruses|p__Viruses_noname|c__Viruses_noname|o__Herpesvirales|f__Herpesviridae|g__Varicellovirus	0	0	0	0	0	0	0	0	0	0	0	0	0	0	0	0	0	0	0	0	0	0	0	0	0	0	0	0	0	0	0	0	0	0	0	0	0	0	0	0	0	0	0	0	0	0	0	0	0	0	0	0	0	0	0	0	0	0.47051535	0	0	0	0	0	0	0	0	0	0	0	0	0	0	0	0	0	0	0	0	0	0	0	0	0	0	0	0	0	0	0	0	0	0	0	0	0	0	0	0	0	0	0	0	0	0	0	0	0	0	0	0	0	0	0	0	0	0	0	0	0	0	0	0
k__Viruses|p__Viruses_noname|c__Viruses_noname|o__Viruses_noname|f__Inoviridae|g__Plectrovirus	0	0	0	0	0	0	0	0	0	0	0	0	0	0	0	0	0	0	0	0	0	0	0	0	0	0	0	0	0	0	0	0	0	0	0	0	0	0	0	0	0	0	0	0	0	0	0	0	0	0	0	0	0	0	0	0	0	0	0	0	0	0	0	0	0	0	0	0	0	0	0	0	0	0	0	0	0	0	0	0.07632125	0	0	0	0	0	0	0	0	0	0	0	0	0	0	0.0242924	0	0	0	0	0	0	0	0	0	0	0	0	0	0	0	0	0	0	0	0	0	0	0	0	0	0	0
k__Viruses|p__Viruses_noname|c__Viruses_noname|o__Viruses_noname|f__Papillomaviridae|g__Alphapapillomavirus	0	0	0	0	0	0	0	0	0	0	0	0	0	0	0	0	0	0	0	0	0	0	0	0	0	0	0	0	0	0	0	0	0	0	0	0	0	0.77023575	0	0	0	0	0	0	0	0	0	0	0	0	0	0	0	0	0	0	0	0	0	0	0	0	0	0	0	0	0	0	0	0	0	0	0	0	0	0	0	0	0	0	0.15984495	0	0	0	0	0	0	0	0	0	0	0	0	0	0	0	0	0	0	0	0	0.18635075	0	0	0	0	0	0	0	0	0	0	0	0	0.050875	0	0	0	0	0	0	0
k__Viruses|p__Viruses_noname|c__Viruses_noname|o__Viruses_noname|f__Papillomaviridae|g__Betapapillomavirus	0	0	0	0	0	0	0	0	0	0	0	0	0	0	0	0	0	0	0	0	0	0	0	0	0	0	0	0	0	0.4669104	0	0	0	0	0	0	0	0	0	0	0	0	0	0	0	0	0	0	0	0	0	0	0.36207475	0	0	0	0.0697964	0	0	0	0	0	0	0	0	0	0	0	0	0	0	0	0	0	0	0	0	0	0	0	0	0	0	0	0	0	0	0	0	0	0	0	0	0	0	0	0	0	0	0	0	0	0	0	0	0	0	0	0	0	0	0	0	0	0	0	0	0	0	0	0	0
k__Viruses|p__Viruses_noname|c__Viruses_noname|o__Viruses_noname|f__Papillomaviridae|g__Gammapapillomavirus	0	0	0.0510979	0	0	0	0	0	0	0	0	0	0	0	0	0	0	0	0	0	0	0	0	0	0	0	0	0	0	0	0	0	0	0	0	0	0	0	0	0	0	0	0	0	0	0	0	0	0	0	0	0	0	0	0	0	0	0	0	0	0	0	0	0	0	0	0	0	0	0	0	0	0	0	0	0	0	0	0	0	0.43516165	0	0	0	0	0	0	0	0	0	0	0	0	0	0	0	0	0	0	0	0	0	0	0	0	0	0	0	0	0	0	0	0	0	0.10952985	0	0	0	0	0	0	0
k__Viruses|p__Viruses_noname|c__Viruses_noname|o__Viruses_noname|f__Papillomaviridae|g__Mupapillomavirus	0.2358952	0	0	0	0	0	0	0	0	0	0	0	0	0	0	0	0	0	0	0	0	0	0	0	0	0	0	0	0	0	0	0	0	0	0	0	0	0	0	0	0	0.05077555	0	0	0	0	0	0	0	0	0	0.1134389	0	0	0	0	0	0	0	0	0	0	0	0	0	0	0	0	0	0	0	0	0	0	0	0	0	0	0	0	0	0	0	0	0	0	0	0	0	0	0	0	0	0	0	0	0	0	0	0	0	0	0	0	0	0	0	0	0	0	0	0	0	0	0	0	0	0	0	0	0	0
k__Viruses|p__Viruses_noname|c__Viruses_noname|o__Viruses_noname|f__Papillomaviridae|g__Papillomaviridae_noname	0	0	0	0	0	0	0	0	0	0	0	0	0	0	0	0	0	0.057194	0	0	0	0	0	0	0	0	0	0	0	0	0	0	0	0	0	0	0	0	0	0	0	0	0	0	0	0	0	0	0	0	0	0	0	0	0	0	0	0	0	0	0	0	0	0	0	0	0	0	0	0	0	0	0	0	0	0	0	0	0	0	0	0	0	0	0	0	0	0	0	0	0	0	0	0	0	0	0	0	0	0	0	0	0	0	0	0	0	0	0	0	0	0	0	0	0	0	0	0	0	0	0	0
k__Viruses|p__Viruses_noname|c__Viruses_noname|o__Viruses_noname|f__Papillomaviridae|g__Taupapillomavirus	0	0	0	0	0	0	0	0	0	0	0	0	0	0	0	0	0	0	0	0	0	0.1740407	0	0	0	0	0	0	0	0	0	0	0	0	0	0	0	0	0	0	0	0	0	0	0	0	0	0	0	0	0	0	0	0	0	0	0	0	0	0	0	0	0	0	0	0	0	0	0	0	0	0	0	0	0	0	0	0	0	0	0	0	0	0	0	0	0	0	0	0	0	0	0	0	0	0	0	0	0	0	0	0	0	0	0	0	0	0	0	0	0	0	0	0	0	0	0	0	0	0	0	0
k__Viruses|p__Viruses_noname|c__Viruses_noname|o__Viruses_noname|f__Polyomaviridae|g__Polyomavirus	0	0	0	0	0	0	0	0	0	0	0	0	0	0	0	0	0	0.3179003	0	0	0	0	0	0	0	0	0	0	0	0	0	0.1378326	0	0	0	0	0	0	0	0	0	0	0	0	0	0	0	0	0	0	0	0	0	0	0	0	0	0	0	0	0	0	0	0	0	0	0	0	0	0	0	0	0	0	0	0	0	0	0	0	0	0.02303555	0	0	0	0	0	0	0	0	0	0	0	0	0	0	0	0	0	0	0	0	0	0	0	0	0	0	0	0	0	0	0	0.8512299	0	0	0	0	0	0	0	0
k__Viruses|p__Viruses_noname|c__Viruses_noname|o__Viruses_noname|f__Retroviridae|g__Alpharetrovirus	0	0	0	0	0	0	0	0	0	0	0.0152381	0	0	0	0	0	0	0	0	0	0	0	0	0	0	0	0	0	0	0	0	0	0	0	0	0	0	0	0	0	0	0	0	0	0	0	0	0	0	0	0	0	0	0	0	0	0	0	0	0	0	0	0	0	0	0	0	0	0	0	0	0	0	0	0	0	0	0	0	0	0	0	0	0.0177035	0	0	0	0	0	0	0	0	0	0	0	0	0	0	0	0	0	0	0	0	0	0	0	0	0	0	0	0	0	0	0	0	0	0	0	0	0	0
k__Viruses|p__Viruses_noname|c__Viruses_noname|o__Viruses_noname|f__Retroviridae|g__Gammaretrovirus	0	0	0	0	0	0	0	0	0	0	0	0	0	0	0	0	0	0	0	0.03235355	0	0	0.0270045	0	0	0	0	0	0.00863575	0	0	0.0090625	0	0.0064297	0	0	0	0	0	0	0	0.03041325	0	0	0	0	0	0	0	0	0	0	0	0	0.1035004	0	0	0	0.20463395	0	0.0069262	0	0	0	0	0.0024225	0	0.05852375	0	0.01666795	0	0.01693655	0	0.07509555	0	0	0	0	0	0	0	0	0.03683975	0	0	0	0	0	0	0	0	0	0	0	0	0	0	0	0	0	0	0	0	0	0	0	0	0	0	0	0	0	0	0	0.21538515	0.03528675	0.0276134	0	0.0101091	0	0	0
k__Viruses|p__Viruses_noname|c__Viruses_noname|o__Viruses_noname|f__Retroviridae|g__Retroviridae_noname	0	0	0	0	0	0	0	0	0	0	0.01994305	0	0	0	0	0	0	0	0	0	0	0	0	0	0	0	0	0	0	0	0	0	0	0	0	0.0310087	0	0	0	0	0	0	0	0	0	0	0	0	0	0	0	0	0.02746965	0	0	0	0	0	0	0	0	0	0	0	0	0	0	0	0	0	0	0	0.08332315	0	0	0	0	0	0	0	0	0	0	0	0	0	0	0	0	0	0	0	0	0	0	0	0	0	0.02587275	0	0	0	0	0	0	0	0	0	0	0	0	0	0	0	0	0	0	0	0	0	0	0
